(kicad_pcb (version 20171130) (host pcbnew "(6.0.0-rc1-dev-1009-g96e65c7f2)")

  (general
    (thickness 1.6)
    (drawings 54)
    (tracks 409)
    (zones 0)
    (modules 33)
    (nets 59)
  )

  (page A4)
  (layers
    (0 F.Cu signal)
    (31 B.Cu signal)
    (32 B.Adhes user)
    (33 F.Adhes user)
    (34 B.Paste user)
    (35 F.Paste user hide)
    (36 B.SilkS user)
    (37 F.SilkS user)
    (38 B.Mask user)
    (39 F.Mask user hide)
    (40 Dwgs.User user)
    (41 Cmts.User user)
    (42 Eco1.User user)
    (43 Eco2.User user)
    (44 Edge.Cuts user)
    (45 Margin user)
    (46 B.CrtYd user hide)
    (47 F.CrtYd user)
    (48 B.Fab user hide)
    (49 F.Fab user hide)
  )

  (setup
    (last_trace_width 0.165)
    (trace_clearance 0.165)
    (zone_clearance 0.2)
    (zone_45_only no)
    (trace_min 0)
    (via_size 0.6)
    (via_drill 0.3)
    (via_min_size 0)
    (via_min_drill 0)
    (uvia_size 0.3)
    (uvia_drill 0.1)
    (uvias_allowed no)
    (uvia_min_size 0.2)
    (uvia_min_drill 0.1)
    (edge_width 0.15)
    (segment_width 0.2)
    (pcb_text_width 0.3)
    (pcb_text_size 1.5 1.5)
    (mod_edge_width 0.15)
    (mod_text_size 0.5 0.5)
    (mod_text_width 0.08)
    (pad_size 1.524 1.524)
    (pad_drill 0.762)
    (pad_to_mask_clearance 0.165)
    (solder_mask_min_width 0.25)
    (aux_axis_origin 0 0)
    (visible_elements 7FFFFF3F)
    (pcbplotparams
      (layerselection 0x010fc_ffffffff)
      (usegerberextensions true)
      (usegerberattributes false)
      (usegerberadvancedattributes false)
      (creategerberjobfile false)
      (excludeedgelayer true)
      (linewidth 0.100000)
      (plotframeref false)
      (viasonmask false)
      (mode 1)
      (useauxorigin false)
      (hpglpennumber 1)
      (hpglpenspeed 20)
      (hpglpendiameter 15.000000)
      (psnegative false)
      (psa4output false)
      (plotreference true)
      (plotvalue true)
      (plotinvisibletext false)
      (padsonsilk false)
      (subtractmaskfromsilk false)
      (outputformat 1)
      (mirror false)
      (drillshape 0)
      (scaleselection 1)
      (outputdirectory "gerb/"))
  )

  (net 0 "")
  (net 1 /DUT_UART_RX_LED)
  (net 2 "Net-(D3-Pad1)")
  (net 3 +3V3)
  (net 4 /DUT_UART_TX_LED)
  (net 5 "Net-(D2-Pad1)")
  (net 6 "Net-(D1-Pad1)")
  (net 7 /DUT_SWD_LED)
  (net 8 /USB_D+)
  (net 9 "Net-(R7-Pad2)")
  (net 10 "Net-(R8-Pad2)")
  (net 11 /USB_D-)
  (net 12 GND)
  (net 13 +5V)
  (net 14 /GPIO1_A)
  (net 15 /GPIO0_A)
  (net 16 /STM_SWCLK)
  (net 17 /STM_SWDIO)
  (net 18 /DUT_UART_RX_A)
  (net 19 /DUT_UART_TX_A)
  (net 20 /DUT_SWDIO_A)
  (net 21 /DUT_SWCLK_A)
  (net 22 /GPIO3_A)
  (net 23 /GPIO2_A)
  (net 24 /GPIO0_B)
  (net 25 /GPIO1_B)
  (net 26 /GPIO2_B)
  (net 27 /GPIO3_B)
  (net 28 /DUT_SWDIO_B)
  (net 29 /DUT_SWCLK_B)
  (net 30 /DUT_UART_RX_B)
  (net 31 /DUT_UART_TX_B)
  (net 32 "Net-(J1-Pad4)")
  (net 33 "Net-(R23-Pad1)")
  (net 34 /STM_SDA)
  (net 35 /STM_SCL)
  (net 36 "Net-(U3-Pad43)")
  (net 37 "Net-(U3-Pad42)")
  (net 38 "Net-(U3-Pad41)")
  (net 39 "Net-(U3-Pad40)")
  (net 40 "Net-(U3-Pad39)")
  (net 41 "Net-(U3-Pad38)")
  (net 42 "Net-(U3-Pad29)")
  (net 43 "Net-(U3-Pad28)")
  (net 44 "Net-(U3-Pad27)")
  (net 45 "Net-(U3-Pad26)")
  (net 46 "Net-(U3-Pad25)")
  (net 47 "Net-(U3-Pad11)")
  (net 48 "Net-(U3-Pad10)")
  (net 49 "Net-(D5-Pad1)")
  (net 50 "Net-(D6-Pad2)")
  (net 51 "Net-(U3-Pad46)")
  (net 52 "Net-(U3-Pad45)")
  (net 53 "Net-(U3-Pad20)")
  (net 54 "Net-(U3-Pad2)")
  (net 55 /DUT_VDD_CTRL)
  (net 56 "Net-(J5-Pad1)")
  (net 57 "Net-(U3-Pad13)")
  (net 58 "Net-(U3-Pad12)")

  (net_class Default "This is the default net class."
    (clearance 0.165)
    (trace_width 0.165)
    (via_dia 0.6)
    (via_drill 0.3)
    (uvia_dia 0.3)
    (uvia_drill 0.1)
    (add_net /DUT_SWCLK_A)
    (add_net /DUT_SWCLK_B)
    (add_net /DUT_SWDIO_A)
    (add_net /DUT_SWDIO_B)
    (add_net /DUT_SWD_LED)
    (add_net /DUT_UART_RX_A)
    (add_net /DUT_UART_RX_B)
    (add_net /DUT_UART_RX_LED)
    (add_net /DUT_UART_TX_A)
    (add_net /DUT_UART_TX_B)
    (add_net /DUT_UART_TX_LED)
    (add_net /DUT_VDD_CTRL)
    (add_net /GPIO0_A)
    (add_net /GPIO0_B)
    (add_net /GPIO1_A)
    (add_net /GPIO1_B)
    (add_net /GPIO2_A)
    (add_net /GPIO2_B)
    (add_net /GPIO3_A)
    (add_net /GPIO3_B)
    (add_net /STM_SCL)
    (add_net /STM_SDA)
    (add_net /STM_SWCLK)
    (add_net /STM_SWDIO)
    (add_net /USB_D+)
    (add_net /USB_D-)
    (add_net GND)
    (add_net "Net-(D1-Pad1)")
    (add_net "Net-(D2-Pad1)")
    (add_net "Net-(D3-Pad1)")
    (add_net "Net-(D5-Pad1)")
    (add_net "Net-(D6-Pad2)")
    (add_net "Net-(J1-Pad4)")
    (add_net "Net-(J5-Pad1)")
    (add_net "Net-(R23-Pad1)")
    (add_net "Net-(R7-Pad2)")
    (add_net "Net-(R8-Pad2)")
    (add_net "Net-(U3-Pad10)")
    (add_net "Net-(U3-Pad11)")
    (add_net "Net-(U3-Pad12)")
    (add_net "Net-(U3-Pad13)")
    (add_net "Net-(U3-Pad2)")
    (add_net "Net-(U3-Pad20)")
    (add_net "Net-(U3-Pad25)")
    (add_net "Net-(U3-Pad26)")
    (add_net "Net-(U3-Pad27)")
    (add_net "Net-(U3-Pad28)")
    (add_net "Net-(U3-Pad29)")
    (add_net "Net-(U3-Pad38)")
    (add_net "Net-(U3-Pad39)")
    (add_net "Net-(U3-Pad40)")
    (add_net "Net-(U3-Pad41)")
    (add_net "Net-(U3-Pad42)")
    (add_net "Net-(U3-Pad43)")
    (add_net "Net-(U3-Pad45)")
    (add_net "Net-(U3-Pad46)")
  )

  (net_class Power ""
    (clearance 0.2)
    (trace_width 0.2)
    (via_dia 0.6)
    (via_drill 0.3)
    (uvia_dia 0.3)
    (uvia_drill 0.1)
    (add_net +3V3)
    (add_net +5V)
  )

  (module Package_DFN_QFN:QFN-48-1EP_7x7mm_P0.5mm_EP5.15x5.15mm (layer F.Cu) (tedit 5B550997) (tstamp 5AE2A82B)
    (at 220 86.5 270)
    (descr "QFN, 48 Pin (http://www.analog.com/media/en/package-pcb-resources/package/pkg_pdf/ltc-legacy-qfn/QFN_48_05-08-1704.pdf), generated with kicad-footprint-generator ipc_dfn_qfn_generator.py")
    (tags "QFN DFN_QFN")
    (path /5AC4A44C)
    (attr smd)
    (fp_text reference U3 (at 0 -4.82 270) (layer F.SilkS) hide
      (effects (font (size 1 1) (thickness 0.15)))
    )
    (fp_text value STM32L433CCUx (at 0 4.82 270) (layer F.Fab)
      (effects (font (size 1 1) (thickness 0.15)))
    )
    (fp_text user %R (at 0 0 270) (layer F.Fab)
      (effects (font (size 1 1) (thickness 0.15)))
    )
    (fp_line (start 4.12 -4.12) (end -4.12 -4.12) (layer F.CrtYd) (width 0.05))
    (fp_line (start 4.12 4.12) (end 4.12 -4.12) (layer F.CrtYd) (width 0.05))
    (fp_line (start -4.12 4.12) (end 4.12 4.12) (layer F.CrtYd) (width 0.05))
    (fp_line (start -4.12 -4.12) (end -4.12 4.12) (layer F.CrtYd) (width 0.05))
    (fp_line (start -3.5 -2.5) (end -2.5 -3.5) (layer F.Fab) (width 0.1))
    (fp_line (start -3.5 3.5) (end -3.5 -2.5) (layer F.Fab) (width 0.1))
    (fp_line (start 3.5 3.5) (end -3.5 3.5) (layer F.Fab) (width 0.1))
    (fp_line (start 3.5 -3.5) (end 3.5 3.5) (layer F.Fab) (width 0.1))
    (fp_line (start -2.5 -3.5) (end 3.5 -3.5) (layer F.Fab) (width 0.1))
    (fp_line (start -3.135 -3.61) (end -3.61 -3.61) (layer F.SilkS) (width 0.12))
    (fp_line (start 3.61 3.61) (end 3.61 3.135) (layer F.SilkS) (width 0.12))
    (fp_line (start 3.135 3.61) (end 3.61 3.61) (layer F.SilkS) (width 0.12))
    (fp_line (start -3.61 3.61) (end -3.61 3.135) (layer F.SilkS) (width 0.12))
    (fp_line (start -3.135 3.61) (end -3.61 3.61) (layer F.SilkS) (width 0.12))
    (fp_line (start 3.61 -3.61) (end 3.61 -3.135) (layer F.SilkS) (width 0.12))
    (fp_line (start 3.135 -3.61) (end 3.61 -3.61) (layer F.SilkS) (width 0.12))
    (pad 48 smd roundrect (at -2.75 -3.4375 270) (size 0.25 0.875) (layers F.Cu F.Paste F.Mask) (roundrect_rratio 0.25)
      (net 3 +3V3))
    (pad 47 smd roundrect (at -2.25 -3.4375 270) (size 0.25 0.875) (layers F.Cu F.Paste F.Mask) (roundrect_rratio 0.25)
      (net 12 GND))
    (pad 46 smd roundrect (at -1.75 -3.4375 270) (size 0.25 0.875) (layers F.Cu F.Paste F.Mask) (roundrect_rratio 0.25)
      (net 51 "Net-(U3-Pad46)"))
    (pad 45 smd roundrect (at -1.25 -3.4375 270) (size 0.25 0.875) (layers F.Cu F.Paste F.Mask) (roundrect_rratio 0.25)
      (net 52 "Net-(U3-Pad45)"))
    (pad 44 smd roundrect (at -0.75 -3.4375 270) (size 0.25 0.875) (layers F.Cu F.Paste F.Mask) (roundrect_rratio 0.25)
      (net 33 "Net-(R23-Pad1)"))
    (pad 43 smd roundrect (at -0.25 -3.4375 270) (size 0.25 0.875) (layers F.Cu F.Paste F.Mask) (roundrect_rratio 0.25)
      (net 36 "Net-(U3-Pad43)"))
    (pad 42 smd roundrect (at 0.25 -3.4375 270) (size 0.25 0.875) (layers F.Cu F.Paste F.Mask) (roundrect_rratio 0.25)
      (net 37 "Net-(U3-Pad42)"))
    (pad 41 smd roundrect (at 0.75 -3.4375 270) (size 0.25 0.875) (layers F.Cu F.Paste F.Mask) (roundrect_rratio 0.25)
      (net 38 "Net-(U3-Pad41)"))
    (pad 40 smd roundrect (at 1.25 -3.4375 270) (size 0.25 0.875) (layers F.Cu F.Paste F.Mask) (roundrect_rratio 0.25)
      (net 39 "Net-(U3-Pad40)"))
    (pad 39 smd roundrect (at 1.75 -3.4375 270) (size 0.25 0.875) (layers F.Cu F.Paste F.Mask) (roundrect_rratio 0.25)
      (net 40 "Net-(U3-Pad39)"))
    (pad 38 smd roundrect (at 2.25 -3.4375 270) (size 0.25 0.875) (layers F.Cu F.Paste F.Mask) (roundrect_rratio 0.25)
      (net 41 "Net-(U3-Pad38)"))
    (pad 37 smd roundrect (at 2.75 -3.4375 270) (size 0.25 0.875) (layers F.Cu F.Paste F.Mask) (roundrect_rratio 0.25)
      (net 16 /STM_SWCLK))
    (pad 36 smd roundrect (at 3.4375 -2.75 270) (size 0.875 0.25) (layers F.Cu F.Paste F.Mask) (roundrect_rratio 0.25)
      (net 3 +3V3))
    (pad 35 smd roundrect (at 3.4375 -2.25 270) (size 0.875 0.25) (layers F.Cu F.Paste F.Mask) (roundrect_rratio 0.25)
      (net 12 GND))
    (pad 34 smd roundrect (at 3.4375 -1.75 270) (size 0.875 0.25) (layers F.Cu F.Paste F.Mask) (roundrect_rratio 0.25)
      (net 17 /STM_SWDIO))
    (pad 33 smd roundrect (at 3.4375 -1.25 270) (size 0.875 0.25) (layers F.Cu F.Paste F.Mask) (roundrect_rratio 0.25)
      (net 9 "Net-(R7-Pad2)"))
    (pad 32 smd roundrect (at 3.4375 -0.75 270) (size 0.875 0.25) (layers F.Cu F.Paste F.Mask) (roundrect_rratio 0.25)
      (net 10 "Net-(R8-Pad2)"))
    (pad 31 smd roundrect (at 3.4375 -0.25 270) (size 0.875 0.25) (layers F.Cu F.Paste F.Mask) (roundrect_rratio 0.25)
      (net 34 /STM_SDA))
    (pad 30 smd roundrect (at 3.4375 0.25 270) (size 0.875 0.25) (layers F.Cu F.Paste F.Mask) (roundrect_rratio 0.25)
      (net 35 /STM_SCL))
    (pad 29 smd roundrect (at 3.4375 0.75 270) (size 0.875 0.25) (layers F.Cu F.Paste F.Mask) (roundrect_rratio 0.25)
      (net 42 "Net-(U3-Pad29)"))
    (pad 28 smd roundrect (at 3.4375 1.25 270) (size 0.875 0.25) (layers F.Cu F.Paste F.Mask) (roundrect_rratio 0.25)
      (net 43 "Net-(U3-Pad28)"))
    (pad 27 smd roundrect (at 3.4375 1.75 270) (size 0.875 0.25) (layers F.Cu F.Paste F.Mask) (roundrect_rratio 0.25)
      (net 44 "Net-(U3-Pad27)"))
    (pad 26 smd roundrect (at 3.4375 2.25 270) (size 0.875 0.25) (layers F.Cu F.Paste F.Mask) (roundrect_rratio 0.25)
      (net 45 "Net-(U3-Pad26)"))
    (pad 25 smd roundrect (at 3.4375 2.75 270) (size 0.875 0.25) (layers F.Cu F.Paste F.Mask) (roundrect_rratio 0.25)
      (net 46 "Net-(U3-Pad25)"))
    (pad 24 smd roundrect (at 2.75 3.4375 270) (size 0.25 0.875) (layers F.Cu F.Paste F.Mask) (roundrect_rratio 0.25)
      (net 3 +3V3))
    (pad 23 smd roundrect (at 2.25 3.4375 270) (size 0.25 0.875) (layers F.Cu F.Paste F.Mask) (roundrect_rratio 0.25)
      (net 12 GND))
    (pad 22 smd roundrect (at 1.75 3.4375 270) (size 0.25 0.875) (layers F.Cu F.Paste F.Mask) (roundrect_rratio 0.25)
      (net 18 /DUT_UART_RX_A))
    (pad 21 smd roundrect (at 1.25 3.4375 270) (size 0.25 0.875) (layers F.Cu F.Paste F.Mask) (roundrect_rratio 0.25)
      (net 19 /DUT_UART_TX_A))
    (pad 20 smd roundrect (at 0.75 3.4375 270) (size 0.25 0.875) (layers F.Cu F.Paste F.Mask) (roundrect_rratio 0.25)
      (net 53 "Net-(U3-Pad20)"))
    (pad 19 smd roundrect (at 0.25 3.4375 270) (size 0.25 0.875) (layers F.Cu F.Paste F.Mask) (roundrect_rratio 0.25)
      (net 7 /DUT_SWD_LED))
    (pad 18 smd roundrect (at -0.25 3.4375 270) (size 0.25 0.875) (layers F.Cu F.Paste F.Mask) (roundrect_rratio 0.25)
      (net 1 /DUT_UART_RX_LED))
    (pad 17 smd roundrect (at -0.75 3.4375 270) (size 0.25 0.875) (layers F.Cu F.Paste F.Mask) (roundrect_rratio 0.25)
      (net 4 /DUT_UART_TX_LED))
    (pad 16 smd roundrect (at -1.25 3.4375 270) (size 0.25 0.875) (layers F.Cu F.Paste F.Mask) (roundrect_rratio 0.25)
      (net 55 /DUT_VDD_CTRL))
    (pad 15 smd roundrect (at -1.75 3.4375 270) (size 0.25 0.875) (layers F.Cu F.Paste F.Mask) (roundrect_rratio 0.25)
      (net 21 /DUT_SWCLK_A))
    (pad 14 smd roundrect (at -2.25 3.4375 270) (size 0.25 0.875) (layers F.Cu F.Paste F.Mask) (roundrect_rratio 0.25)
      (net 20 /DUT_SWDIO_A))
    (pad 13 smd roundrect (at -2.75 3.4375 270) (size 0.25 0.875) (layers F.Cu F.Paste F.Mask) (roundrect_rratio 0.25)
      (net 57 "Net-(U3-Pad13)"))
    (pad 12 smd roundrect (at -3.4375 2.75 270) (size 0.875 0.25) (layers F.Cu F.Paste F.Mask) (roundrect_rratio 0.25)
      (net 58 "Net-(U3-Pad12)"))
    (pad 11 smd roundrect (at -3.4375 2.25 270) (size 0.875 0.25) (layers F.Cu F.Paste F.Mask) (roundrect_rratio 0.25)
      (net 47 "Net-(U3-Pad11)"))
    (pad 10 smd roundrect (at -3.4375 1.75 270) (size 0.875 0.25) (layers F.Cu F.Paste F.Mask) (roundrect_rratio 0.25)
      (net 48 "Net-(U3-Pad10)"))
    (pad 9 smd roundrect (at -3.4375 1.25 270) (size 0.875 0.25) (layers F.Cu F.Paste F.Mask) (roundrect_rratio 0.25)
      (net 3 +3V3))
    (pad 8 smd roundrect (at -3.4375 0.75 270) (size 0.875 0.25) (layers F.Cu F.Paste F.Mask) (roundrect_rratio 0.25)
      (net 12 GND))
    (pad 7 smd roundrect (at -3.4375 0.25 270) (size 0.875 0.25) (layers F.Cu F.Paste F.Mask) (roundrect_rratio 0.25)
      (net 3 +3V3))
    (pad 6 smd roundrect (at -3.4375 -0.25 270) (size 0.875 0.25) (layers F.Cu F.Paste F.Mask) (roundrect_rratio 0.25)
      (net 22 /GPIO3_A))
    (pad 5 smd roundrect (at -3.4375 -0.75 270) (size 0.875 0.25) (layers F.Cu F.Paste F.Mask) (roundrect_rratio 0.25)
      (net 23 /GPIO2_A))
    (pad 4 smd roundrect (at -3.4375 -1.25 270) (size 0.875 0.25) (layers F.Cu F.Paste F.Mask) (roundrect_rratio 0.25)
      (net 14 /GPIO1_A))
    (pad 3 smd roundrect (at -3.4375 -1.75 270) (size 0.875 0.25) (layers F.Cu F.Paste F.Mask) (roundrect_rratio 0.25)
      (net 15 /GPIO0_A))
    (pad 2 smd roundrect (at -3.4375 -2.25 270) (size 0.875 0.25) (layers F.Cu F.Paste F.Mask) (roundrect_rratio 0.25)
      (net 54 "Net-(U3-Pad2)"))
    (pad 1 smd roundrect (at -3.4375 -2.75 270) (size 0.875 0.25) (layers F.Cu F.Paste F.Mask) (roundrect_rratio 0.25)
      (net 3 +3V3))
    (pad "" smd roundrect (at 1.935 1.935 270) (size 1.04 1.04) (layers F.Paste) (roundrect_rratio 0.240385))
    (pad "" smd roundrect (at 1.935 0.645 270) (size 1.04 1.04) (layers F.Paste) (roundrect_rratio 0.240385))
    (pad "" smd roundrect (at 1.935 -0.645 270) (size 1.04 1.04) (layers F.Paste) (roundrect_rratio 0.240385))
    (pad "" smd roundrect (at 1.935 -1.935 270) (size 1.04 1.04) (layers F.Paste) (roundrect_rratio 0.240385))
    (pad "" smd roundrect (at 0.645 1.935 270) (size 1.04 1.04) (layers F.Paste) (roundrect_rratio 0.240385))
    (pad "" smd roundrect (at 0.645 0.645 270) (size 1.04 1.04) (layers F.Paste) (roundrect_rratio 0.240385))
    (pad "" smd roundrect (at 0.645 -0.645 270) (size 1.04 1.04) (layers F.Paste) (roundrect_rratio 0.240385))
    (pad "" smd roundrect (at 0.645 -1.935 270) (size 1.04 1.04) (layers F.Paste) (roundrect_rratio 0.240385))
    (pad "" smd roundrect (at -0.645 1.935 270) (size 1.04 1.04) (layers F.Paste) (roundrect_rratio 0.240385))
    (pad "" smd roundrect (at -0.645 0.645 270) (size 1.04 1.04) (layers F.Paste) (roundrect_rratio 0.240385))
    (pad "" smd roundrect (at -0.645 -0.645 270) (size 1.04 1.04) (layers F.Paste) (roundrect_rratio 0.240385))
    (pad "" smd roundrect (at -0.645 -1.935 270) (size 1.04 1.04) (layers F.Paste) (roundrect_rratio 0.240385))
    (pad "" smd roundrect (at -1.935 1.935 270) (size 1.04 1.04) (layers F.Paste) (roundrect_rratio 0.240385))
    (pad "" smd roundrect (at -1.935 0.645 270) (size 1.04 1.04) (layers F.Paste) (roundrect_rratio 0.240385))
    (pad "" smd roundrect (at -1.935 -0.645 270) (size 1.04 1.04) (layers F.Paste) (roundrect_rratio 0.240385))
    (pad "" smd roundrect (at -1.935 -1.935 270) (size 1.04 1.04) (layers F.Paste) (roundrect_rratio 0.240385))
    (pad 49 smd roundrect (at 0 0 270) (size 5.15 5.15) (layers F.Cu F.Mask) (roundrect_rratio 0.048544))
    (model ${KISYS3DMOD}/Package_DFN_QFN.3dshapes/QFN-48-1EP_7x7mm_P0.5mm_EP5.15x5.15mm.wrl
      (at (xyz 0 0 0))
      (scale (xyz 1 1 1))
      (rotate (xyz 0 0 0))
    )
  )

  (module Package_TO_SOT_SMD_Extra:SC-70-5 (layer F.Cu) (tedit 5C003489) (tstamp 5C014E34)
    (at 212 66.7 270)
    (path /5C098B52)
    (fp_text reference U4 (at 0.01 -1.7 270) (layer F.SilkS) hide
      (effects (font (size 0.5 0.5) (thickness 0.075)))
    )
    (fp_text value SN74LVC1G66 (at -0.02 2.11 270) (layer F.Fab)
      (effects (font (size 1 1) (thickness 0.15)))
    )
    (fp_line (start 1.2 -0.6) (end 1.2 0.6) (layer F.SilkS) (width 0.12))
    (fp_line (start -1.2 -0.6) (end -1.2 1.2) (layer F.SilkS) (width 0.12))
    (fp_line (start -1 0.6) (end -1 -0.6) (layer F.Fab) (width 0.1))
    (fp_line (start 1 0.6) (end -1 0.6) (layer F.Fab) (width 0.1))
    (fp_line (start 1 -0.6) (end 1 0.6) (layer F.Fab) (width 0.1))
    (fp_line (start -1 -0.6) (end 1 -0.6) (layer F.Fab) (width 0.1))
    (pad 5 smd rect (at -0.65 -0.95 270) (size 0.4 0.7) (layers F.Cu F.Paste F.Mask)
      (net 3 +3V3))
    (pad 4 smd rect (at 0.65 -0.95 270) (size 0.4 0.7) (layers F.Cu F.Paste F.Mask)
      (net 55 /DUT_VDD_CTRL))
    (pad 3 smd rect (at 0.65 0.95 270) (size 0.4 0.7) (layers F.Cu F.Paste F.Mask)
      (net 12 GND))
    (pad 2 smd rect (at 0 0.95 270) (size 0.4 0.7) (layers F.Cu F.Paste F.Mask)
      (net 56 "Net-(J5-Pad1)"))
    (pad 1 smd rect (at -0.65 0.95 270) (size 0.4 0.7) (layers F.Cu F.Paste F.Mask)
      (net 3 +3V3))
  )

  (module Connector_JST:JST_SH_BM04B-SRSS-TB_1x04-1MP_P1.00mm_Vertical (layer F.Cu) (tedit 5B78AD87) (tstamp 5BD8E819)
    (at 228.6 87.5 270)
    (descr "JST SH series connector, BM04B-SRSS-TB (http://www.jst-mfg.com/product/pdf/eng/eSH.pdf), generated with kicad-footprint-generator")
    (tags "connector JST SH side entry")
    (path /5AC03336)
    (attr smd)
    (fp_text reference J2 (at 0 -3.3 270) (layer F.SilkS) hide
      (effects (font (size 1 1) (thickness 0.15)))
    )
    (fp_text value Conn_STM_SWD (at 0 3.3 270) (layer F.Fab) hide
      (effects (font (size 1 1) (thickness 0.15)))
    )
    (fp_text user %R (at 0 -0.25 270) (layer F.Fab)
      (effects (font (size 1 1) (thickness 0.15)))
    )
    (fp_line (start -1.5 0.292893) (end -1 1) (layer F.Fab) (width 0.1))
    (fp_line (start -2 1) (end -1.5 0.292893) (layer F.Fab) (width 0.1))
    (fp_line (start 3.9 -2.6) (end -3.9 -2.6) (layer F.CrtYd) (width 0.05))
    (fp_line (start 3.9 2.6) (end 3.9 -2.6) (layer F.CrtYd) (width 0.05))
    (fp_line (start -3.9 2.6) (end 3.9 2.6) (layer F.CrtYd) (width 0.05))
    (fp_line (start -3.9 -2.6) (end -3.9 2.6) (layer F.CrtYd) (width 0.05))
    (fp_line (start 1.65 -1.55) (end 1.35 -1.55) (layer F.Fab) (width 0.1))
    (fp_line (start 1.65 -0.95) (end 1.65 -1.55) (layer F.Fab) (width 0.1))
    (fp_line (start 1.35 -0.95) (end 1.65 -0.95) (layer F.Fab) (width 0.1))
    (fp_line (start 1.35 -1.55) (end 1.35 -0.95) (layer F.Fab) (width 0.1))
    (fp_line (start 0.65 -1.55) (end 0.35 -1.55) (layer F.Fab) (width 0.1))
    (fp_line (start 0.65 -0.95) (end 0.65 -1.55) (layer F.Fab) (width 0.1))
    (fp_line (start 0.35 -0.95) (end 0.65 -0.95) (layer F.Fab) (width 0.1))
    (fp_line (start 0.35 -1.55) (end 0.35 -0.95) (layer F.Fab) (width 0.1))
    (fp_line (start -0.35 -1.55) (end -0.65 -1.55) (layer F.Fab) (width 0.1))
    (fp_line (start -0.35 -0.95) (end -0.35 -1.55) (layer F.Fab) (width 0.1))
    (fp_line (start -0.65 -0.95) (end -0.35 -0.95) (layer F.Fab) (width 0.1))
    (fp_line (start -0.65 -1.55) (end -0.65 -0.95) (layer F.Fab) (width 0.1))
    (fp_line (start -1.35 -1.55) (end -1.65 -1.55) (layer F.Fab) (width 0.1))
    (fp_line (start -1.35 -0.95) (end -1.35 -1.55) (layer F.Fab) (width 0.1))
    (fp_line (start -1.65 -0.95) (end -1.35 -0.95) (layer F.Fab) (width 0.1))
    (fp_line (start -1.65 -1.55) (end -1.65 -0.95) (layer F.Fab) (width 0.1))
    (fp_line (start 3 1) (end 3 -1.9) (layer F.Fab) (width 0.1))
    (fp_line (start -3 1) (end -3 -1.9) (layer F.Fab) (width 0.1))
    (fp_line (start -3 -1.9) (end 3 -1.9) (layer F.Fab) (width 0.1))
    (fp_line (start -1.94 -2.01) (end 1.94 -2.01) (layer F.SilkS) (width 0.12))
    (fp_line (start 3.11 1.11) (end 2.06 1.11) (layer F.SilkS) (width 0.12))
    (fp_line (start 3.11 -0.04) (end 3.11 1.11) (layer F.SilkS) (width 0.12))
    (fp_line (start -2.06 1.11) (end -2.06 2.1) (layer F.SilkS) (width 0.12))
    (fp_line (start -3.11 1.11) (end -2.06 1.11) (layer F.SilkS) (width 0.12))
    (fp_line (start -3.11 -0.04) (end -3.11 1.11) (layer F.SilkS) (width 0.12))
    (fp_line (start -3 1) (end 3 1) (layer F.Fab) (width 0.1))
    (pad MP smd roundrect (at 2.8 -1.2 270) (size 1.2 1.8) (layers F.Cu F.Paste F.Mask) (roundrect_rratio 0.208333))
    (pad MP smd roundrect (at -2.8 -1.2 270) (size 1.2 1.8) (layers F.Cu F.Paste F.Mask) (roundrect_rratio 0.208333))
    (pad 4 smd roundrect (at 1.5 1.325 270) (size 0.6 1.55) (layers F.Cu F.Paste F.Mask) (roundrect_rratio 0.25)
      (net 17 /STM_SWDIO))
    (pad 3 smd roundrect (at 0.5 1.325 270) (size 0.6 1.55) (layers F.Cu F.Paste F.Mask) (roundrect_rratio 0.25)
      (net 12 GND))
    (pad 2 smd roundrect (at -0.5 1.325 270) (size 0.6 1.55) (layers F.Cu F.Paste F.Mask) (roundrect_rratio 0.25)
      (net 16 /STM_SWCLK))
    (pad 1 smd roundrect (at -1.5 1.325 270) (size 0.6 1.55) (layers F.Cu F.Paste F.Mask) (roundrect_rratio 0.25)
      (net 3 +3V3))
    (model ${KISYS3DMOD}/Connector_JST.3dshapes/JST_SH_BM04B-SRSS-TB_1x04-1MP_P1.00mm_Vertical.wrl
      (at (xyz 0 0 0))
      (scale (xyz 1 1 1))
      (rotate (xyz 0 0 0))
    )
  )

  (module Connector_PinHeader_2.54mm:PinHeader_1x04_P2.54mm_Vertical (layer F.Cu) (tedit 59FED5CC) (tstamp 5BD8E752)
    (at 229.4 74.25 180)
    (descr "Through hole straight pin header, 1x04, 2.54mm pitch, single row")
    (tags "Through hole pin header THT 1x04 2.54mm single row")
    (path /5BF14A32)
    (fp_text reference J3 (at 0 -2.33 180) (layer F.SilkS) hide
      (effects (font (size 1 1) (thickness 0.15)))
    )
    (fp_text value Conn_GPIO (at 0 9.95 180) (layer F.Fab) hide
      (effects (font (size 1 1) (thickness 0.15)))
    )
    (fp_text user %R (at 0 3.81 270) (layer F.Fab)
      (effects (font (size 1 1) (thickness 0.15)))
    )
    (fp_line (start 1.8 -1.8) (end -1.8 -1.8) (layer F.CrtYd) (width 0.05))
    (fp_line (start 1.8 9.4) (end 1.8 -1.8) (layer F.CrtYd) (width 0.05))
    (fp_line (start -1.8 9.4) (end 1.8 9.4) (layer F.CrtYd) (width 0.05))
    (fp_line (start -1.8 -1.8) (end -1.8 9.4) (layer F.CrtYd) (width 0.05))
    (fp_line (start -1.33 -1.33) (end 0 -1.33) (layer F.SilkS) (width 0.12))
    (fp_line (start -1.33 0) (end -1.33 -1.33) (layer F.SilkS) (width 0.12))
    (fp_line (start -1.33 1.27) (end 1.33 1.27) (layer F.SilkS) (width 0.12))
    (fp_line (start 1.33 1.27) (end 1.33 8.95) (layer F.SilkS) (width 0.12))
    (fp_line (start -1.33 1.27) (end -1.33 8.95) (layer F.SilkS) (width 0.12))
    (fp_line (start -1.33 8.95) (end 1.33 8.95) (layer F.SilkS) (width 0.12))
    (fp_line (start -1.27 -0.635) (end -0.635 -1.27) (layer F.Fab) (width 0.1))
    (fp_line (start -1.27 8.89) (end -1.27 -0.635) (layer F.Fab) (width 0.1))
    (fp_line (start 1.27 8.89) (end -1.27 8.89) (layer F.Fab) (width 0.1))
    (fp_line (start 1.27 -1.27) (end 1.27 8.89) (layer F.Fab) (width 0.1))
    (fp_line (start -0.635 -1.27) (end 1.27 -1.27) (layer F.Fab) (width 0.1))
    (pad 4 thru_hole oval (at 0 7.62 180) (size 1.7 1.7) (drill 1) (layers *.Cu *.Mask)
      (net 27 /GPIO3_B))
    (pad 3 thru_hole oval (at 0 5.08 180) (size 1.7 1.7) (drill 1) (layers *.Cu *.Mask)
      (net 26 /GPIO2_B))
    (pad 2 thru_hole oval (at 0 2.54 180) (size 1.7 1.7) (drill 1) (layers *.Cu *.Mask)
      (net 25 /GPIO1_B))
    (pad 1 thru_hole rect (at 0 0 180) (size 1.7 1.7) (drill 1) (layers *.Cu *.Mask)
      (net 24 /GPIO0_B))
  )

  (module Button_Switch_SMD:SW_SPST_B3U-1000P (layer F.Cu) (tedit 5ACA345E) (tstamp 5BD8E795)
    (at 229.45 80.1 270)
    (descr "Ultra-small-sized Tactile Switch with High Contact Reliability, Top-actuated Model, without Ground Terminal, without Boss")
    (tags "Tactile Switch")
    (path /5BEF9165)
    (attr smd)
    (fp_text reference SW1 (at 0 -2.5 270) (layer F.SilkS) hide
      (effects (font (size 1 1) (thickness 0.15)))
    )
    (fp_text value BOOT0 (at 0 0 270) (layer F.Fab)
      (effects (font (size 0.8 0.8) (thickness 0.08)))
    )
    (fp_text user %R (at 0 -2.5 270) (layer F.Fab) hide
      (effects (font (size 1 1) (thickness 0.15)))
    )
    (fp_line (start -2.4 1.65) (end 2.4 1.65) (layer F.CrtYd) (width 0.05))
    (fp_line (start 2.4 1.65) (end 2.4 -1.65) (layer F.CrtYd) (width 0.05))
    (fp_line (start 2.4 -1.65) (end -2.4 -1.65) (layer F.CrtYd) (width 0.05))
    (fp_line (start -2.4 -1.65) (end -2.4 1.65) (layer F.CrtYd) (width 0.05))
    (fp_line (start -1.65 1.1) (end -1.65 1.4) (layer F.SilkS) (width 0.12))
    (fp_line (start -1.65 1.4) (end 1.65 1.4) (layer F.SilkS) (width 0.12))
    (fp_line (start 1.65 1.4) (end 1.65 1.1) (layer F.SilkS) (width 0.12))
    (fp_line (start -1.65 -1.1) (end -1.65 -1.4) (layer F.SilkS) (width 0.12))
    (fp_line (start -1.65 -1.4) (end 1.65 -1.4) (layer F.SilkS) (width 0.12))
    (fp_line (start 1.65 -1.4) (end 1.65 -1.1) (layer F.SilkS) (width 0.12))
    (fp_line (start -1.5 -1.25) (end 1.5 -1.25) (layer F.Fab) (width 0.1))
    (fp_line (start 1.5 -1.25) (end 1.5 1.25) (layer F.Fab) (width 0.1))
    (fp_line (start 1.5 1.25) (end -1.5 1.25) (layer F.Fab) (width 0.1))
    (fp_line (start -1.5 1.25) (end -1.5 -1.25) (layer F.Fab) (width 0.1))
    (fp_circle (center 0 0) (end 0.75 0) (layer F.Fab) (width 0.1))
    (pad 1 smd rect (at -1.7 0 270) (size 0.9 1.7) (layers F.Cu F.Paste F.Mask)
      (net 3 +3V3))
    (pad 2 smd rect (at 1.7 0 270) (size 0.9 1.7) (layers F.Cu F.Paste F.Mask)
      (net 33 "Net-(R23-Pad1)"))
    (model ${KISYS3DMOD}/Button_Switch_SMD.3dshapes/SW_SPST_B3U-1000P.step
      (at (xyz 0 0 0))
      (scale (xyz 1 1 1))
      (rotate (xyz 0 0 0))
    )
  )

  (module Resistor_SMD:R_0603_1608Metric (layer F.Cu) (tedit 5ACA3440) (tstamp 5BD8E7CF)
    (at 222.25 78.8 90)
    (descr "Resistor SMD 0603 (1608 Metric), square (rectangular) end terminal, IPC_7351 nominal, (Body size source: http://www.tortai-tech.com/upload/download/2011102023233369053.pdf), generated with kicad-footprint-generator")
    (tags resistor)
    (path /5BED7253)
    (attr smd)
    (fp_text reference R23 (at 0 -1.65 90) (layer F.SilkS) hide
      (effects (font (size 1 1) (thickness 0.15)))
    )
    (fp_text value 10K (at 0 0 90) (layer F.Fab)
      (effects (font (size 0.5 0.5) (thickness 0.08)))
    )
    (fp_line (start -0.8 0.4) (end -0.8 -0.4) (layer F.Fab) (width 0.1))
    (fp_line (start -0.8 -0.4) (end 0.8 -0.4) (layer F.Fab) (width 0.1))
    (fp_line (start 0.8 -0.4) (end 0.8 0.4) (layer F.Fab) (width 0.1))
    (fp_line (start 0.8 0.4) (end -0.8 0.4) (layer F.Fab) (width 0.1))
    (fp_line (start -0.22 -0.51) (end 0.22 -0.51) (layer F.SilkS) (width 0.12))
    (fp_line (start -0.22 0.51) (end 0.22 0.51) (layer F.SilkS) (width 0.12))
    (fp_line (start -1.46 0.75) (end -1.46 -0.75) (layer F.CrtYd) (width 0.05))
    (fp_line (start -1.46 -0.75) (end 1.46 -0.75) (layer F.CrtYd) (width 0.05))
    (fp_line (start 1.46 -0.75) (end 1.46 0.75) (layer F.CrtYd) (width 0.05))
    (fp_line (start 1.46 0.75) (end -1.46 0.75) (layer F.CrtYd) (width 0.05))
    (fp_text user %R (at 0 0 90) (layer F.Fab) hide
      (effects (font (size 0.5 0.5) (thickness 0.08)))
    )
    (pad 1 smd rect (at -0.875 0 90) (size 0.67 1) (layers F.Cu F.Paste F.Mask)
      (net 33 "Net-(R23-Pad1)"))
    (pad 2 smd rect (at 0.875 0 90) (size 0.67 1) (layers F.Cu F.Paste F.Mask)
      (net 12 GND))
    (model ${KISYS3DMOD}/Resistor_SMD.3dshapes/R_0603_1608Metric.wrl
      (at (xyz 0 0 0))
      (scale (xyz 1 1 1))
      (rotate (xyz 0 0 0))
    )
  )

  (module Capacitor_SMD:C_0603_1608Metric (layer F.Cu) (tedit 5AC54EAD) (tstamp 5AE299C1)
    (at 211.05 86.05 180)
    (descr "Capacitor SMD 0603 (1608 Metric), square (rectangular) end terminal, IPC_7351 nominal, (Body size source: http://www.tortai-tech.com/upload/download/2011102023233369053.pdf), generated with kicad-footprint-generator")
    (tags capacitor)
    (path /5AED3878)
    (attr smd)
    (fp_text reference C1 (at 0 -1.65 180) (layer F.SilkS) hide
      (effects (font (size 1 1) (thickness 0.15)))
    )
    (fp_text value 0.1uF (at 0 0 180) (layer F.Fab)
      (effects (font (size 0.5 0.5) (thickness 0.08)))
    )
    (fp_text user %R (at 0 0 180) (layer F.Fab) hide
      (effects (font (size 0.5 0.5) (thickness 0.08)))
    )
    (fp_line (start 1.46 0.75) (end -1.46 0.75) (layer F.CrtYd) (width 0.05))
    (fp_line (start 1.46 -0.75) (end 1.46 0.75) (layer F.CrtYd) (width 0.05))
    (fp_line (start -1.46 -0.75) (end 1.46 -0.75) (layer F.CrtYd) (width 0.05))
    (fp_line (start -1.46 0.75) (end -1.46 -0.75) (layer F.CrtYd) (width 0.05))
    (fp_line (start -0.22 0.51) (end 0.22 0.51) (layer F.SilkS) (width 0.12))
    (fp_line (start -0.22 -0.51) (end 0.22 -0.51) (layer F.SilkS) (width 0.12))
    (fp_line (start 0.8 0.4) (end -0.8 0.4) (layer F.Fab) (width 0.1))
    (fp_line (start 0.8 -0.4) (end 0.8 0.4) (layer F.Fab) (width 0.1))
    (fp_line (start -0.8 -0.4) (end 0.8 -0.4) (layer F.Fab) (width 0.1))
    (fp_line (start -0.8 0.4) (end -0.8 -0.4) (layer F.Fab) (width 0.1))
    (pad 2 smd rect (at 0.875 0 180) (size 0.67 1) (layers F.Cu F.Paste F.Mask)
      (net 12 GND))
    (pad 1 smd rect (at -0.875 0 180) (size 0.67 1) (layers F.Cu F.Paste F.Mask)
      (net 3 +3V3))
    (model ${KISYS3DMOD}/Capacitor_SMD.3dshapes/C_0603_1608Metric.wrl
      (at (xyz 0 0 0))
      (scale (xyz 1 1 1))
      (rotate (xyz 0 0 0))
    )
  )

  (module Capacitor_SMD:C_0603_1608Metric (layer F.Cu) (tedit 5AC54E4F) (tstamp 5AE299B0)
    (at 217.9 68.2 90)
    (descr "Capacitor SMD 0603 (1608 Metric), square (rectangular) end terminal, IPC_7351 nominal, (Body size source: http://www.tortai-tech.com/upload/download/2011102023233369053.pdf), generated with kicad-footprint-generator")
    (tags capacitor)
    (path /5ABD61FE)
    (attr smd)
    (fp_text reference C3 (at 0 -1.65 90) (layer F.SilkS) hide
      (effects (font (size 1 1) (thickness 0.15)))
    )
    (fp_text value 0.1uF (at 0 0 90) (layer F.Fab)
      (effects (font (size 0.5 0.5) (thickness 0.08)))
    )
    (fp_line (start -0.8 0.4) (end -0.8 -0.4) (layer F.Fab) (width 0.1))
    (fp_line (start -0.8 -0.4) (end 0.8 -0.4) (layer F.Fab) (width 0.1))
    (fp_line (start 0.8 -0.4) (end 0.8 0.4) (layer F.Fab) (width 0.1))
    (fp_line (start 0.8 0.4) (end -0.8 0.4) (layer F.Fab) (width 0.1))
    (fp_line (start -0.22 -0.51) (end 0.22 -0.51) (layer F.SilkS) (width 0.12))
    (fp_line (start -0.22 0.51) (end 0.22 0.51) (layer F.SilkS) (width 0.12))
    (fp_line (start -1.46 0.75) (end -1.46 -0.75) (layer F.CrtYd) (width 0.05))
    (fp_line (start -1.46 -0.75) (end 1.46 -0.75) (layer F.CrtYd) (width 0.05))
    (fp_line (start 1.46 -0.75) (end 1.46 0.75) (layer F.CrtYd) (width 0.05))
    (fp_line (start 1.46 0.75) (end -1.46 0.75) (layer F.CrtYd) (width 0.05))
    (fp_text user %R (at 0 0 90) (layer F.Fab) hide
      (effects (font (size 0.5 0.5) (thickness 0.08)))
    )
    (pad 1 smd rect (at -0.875 0 90) (size 0.67 1) (layers F.Cu F.Paste F.Mask)
      (net 3 +3V3))
    (pad 2 smd rect (at 0.875 0 90) (size 0.67 1) (layers F.Cu F.Paste F.Mask)
      (net 12 GND))
    (model ${KISYS3DMOD}/Capacitor_SMD.3dshapes/C_0603_1608Metric.wrl
      (at (xyz 0 0 0))
      (scale (xyz 1 1 1))
      (rotate (xyz 0 0 0))
    )
  )

  (module Capacitor_SMD:C_0603_1608Metric (layer F.Cu) (tedit 5AC54E75) (tstamp 5AE2999F)
    (at 219.25 78.8 90)
    (descr "Capacitor SMD 0603 (1608 Metric), square (rectangular) end terminal, IPC_7351 nominal, (Body size source: http://www.tortai-tech.com/upload/download/2011102023233369053.pdf), generated with kicad-footprint-generator")
    (tags capacitor)
    (path /5AF18976)
    (attr smd)
    (fp_text reference C4 (at 0 -1.65 90) (layer F.SilkS) hide
      (effects (font (size 1 1) (thickness 0.15)))
    )
    (fp_text value 0.1uF (at 0 0 90) (layer F.Fab)
      (effects (font (size 0.5 0.5) (thickness 0.08)))
    )
    (fp_text user %R (at 0 0 90) (layer F.Fab) hide
      (effects (font (size 0.5 0.5) (thickness 0.08)))
    )
    (fp_line (start 1.46 0.75) (end -1.46 0.75) (layer F.CrtYd) (width 0.05))
    (fp_line (start 1.46 -0.75) (end 1.46 0.75) (layer F.CrtYd) (width 0.05))
    (fp_line (start -1.46 -0.75) (end 1.46 -0.75) (layer F.CrtYd) (width 0.05))
    (fp_line (start -1.46 0.75) (end -1.46 -0.75) (layer F.CrtYd) (width 0.05))
    (fp_line (start -0.22 0.51) (end 0.22 0.51) (layer F.SilkS) (width 0.12))
    (fp_line (start -0.22 -0.51) (end 0.22 -0.51) (layer F.SilkS) (width 0.12))
    (fp_line (start 0.8 0.4) (end -0.8 0.4) (layer F.Fab) (width 0.1))
    (fp_line (start 0.8 -0.4) (end 0.8 0.4) (layer F.Fab) (width 0.1))
    (fp_line (start -0.8 -0.4) (end 0.8 -0.4) (layer F.Fab) (width 0.1))
    (fp_line (start -0.8 0.4) (end -0.8 -0.4) (layer F.Fab) (width 0.1))
    (pad 2 smd rect (at 0.875 0 90) (size 0.67 1) (layers F.Cu F.Paste F.Mask)
      (net 12 GND))
    (pad 1 smd rect (at -0.875 0 90) (size 0.67 1) (layers F.Cu F.Paste F.Mask)
      (net 3 +3V3))
    (model ${KISYS3DMOD}/Capacitor_SMD.3dshapes/C_0603_1608Metric.wrl
      (at (xyz 0 0 0))
      (scale (xyz 1 1 1))
      (rotate (xyz 0 0 0))
    )
  )

  (module Capacitor_SMD:C_0603_1608Metric (layer F.Cu) (tedit 5AC54EB8) (tstamp 5AE2998E)
    (at 226.05 97 270)
    (descr "Capacitor SMD 0603 (1608 Metric), square (rectangular) end terminal, IPC_7351 nominal, (Body size source: http://www.tortai-tech.com/upload/download/2011102023233369053.pdf), generated with kicad-footprint-generator")
    (tags capacitor)
    (path /5AF189EA)
    (attr smd)
    (fp_text reference C5 (at 0 -1.65 270) (layer F.SilkS) hide
      (effects (font (size 1 1) (thickness 0.15)))
    )
    (fp_text value 0.1uF (at 0 0 270) (layer F.Fab)
      (effects (font (size 0.5 0.5) (thickness 0.08)))
    )
    (fp_line (start -0.8 0.4) (end -0.8 -0.4) (layer F.Fab) (width 0.1))
    (fp_line (start -0.8 -0.4) (end 0.8 -0.4) (layer F.Fab) (width 0.1))
    (fp_line (start 0.8 -0.4) (end 0.8 0.4) (layer F.Fab) (width 0.1))
    (fp_line (start 0.8 0.4) (end -0.8 0.4) (layer F.Fab) (width 0.1))
    (fp_line (start -0.22 -0.51) (end 0.22 -0.51) (layer F.SilkS) (width 0.12))
    (fp_line (start -0.22 0.51) (end 0.22 0.51) (layer F.SilkS) (width 0.12))
    (fp_line (start -1.46 0.75) (end -1.46 -0.75) (layer F.CrtYd) (width 0.05))
    (fp_line (start -1.46 -0.75) (end 1.46 -0.75) (layer F.CrtYd) (width 0.05))
    (fp_line (start 1.46 -0.75) (end 1.46 0.75) (layer F.CrtYd) (width 0.05))
    (fp_line (start 1.46 0.75) (end -1.46 0.75) (layer F.CrtYd) (width 0.05))
    (fp_text user %R (at 0 0 270) (layer F.Fab) hide
      (effects (font (size 0.5 0.5) (thickness 0.08)))
    )
    (pad 1 smd rect (at -0.875 0 270) (size 0.67 1) (layers F.Cu F.Paste F.Mask)
      (net 3 +3V3))
    (pad 2 smd rect (at 0.875 0 270) (size 0.67 1) (layers F.Cu F.Paste F.Mask)
      (net 12 GND))
    (model ${KISYS3DMOD}/Capacitor_SMD.3dshapes/C_0603_1608Metric.wrl
      (at (xyz 0 0 0))
      (scale (xyz 1 1 1))
      (rotate (xyz 0 0 0))
    )
  )

  (module Capacitor_SMD:C_0603_1608Metric (layer F.Cu) (tedit 5AC54E2B) (tstamp 5AE2997D)
    (at 227.55 97 270)
    (descr "Capacitor SMD 0603 (1608 Metric), square (rectangular) end terminal, IPC_7351 nominal, (Body size source: http://www.tortai-tech.com/upload/download/2011102023233369053.pdf), generated with kicad-footprint-generator")
    (tags capacitor)
    (path /5AF2F666)
    (attr smd)
    (fp_text reference C6 (at 0 -1.65 270) (layer F.SilkS) hide
      (effects (font (size 1 1) (thickness 0.15)))
    )
    (fp_text value 4.7uF (at 0 0 270) (layer F.Fab)
      (effects (font (size 0.5 0.5) (thickness 0.08)))
    )
    (fp_text user %R (at 0 0 270) (layer F.Fab) hide
      (effects (font (size 0.5 0.5) (thickness 0.08)))
    )
    (fp_line (start 1.46 0.75) (end -1.46 0.75) (layer F.CrtYd) (width 0.05))
    (fp_line (start 1.46 -0.75) (end 1.46 0.75) (layer F.CrtYd) (width 0.05))
    (fp_line (start -1.46 -0.75) (end 1.46 -0.75) (layer F.CrtYd) (width 0.05))
    (fp_line (start -1.46 0.75) (end -1.46 -0.75) (layer F.CrtYd) (width 0.05))
    (fp_line (start -0.22 0.51) (end 0.22 0.51) (layer F.SilkS) (width 0.12))
    (fp_line (start -0.22 -0.51) (end 0.22 -0.51) (layer F.SilkS) (width 0.12))
    (fp_line (start 0.8 0.4) (end -0.8 0.4) (layer F.Fab) (width 0.1))
    (fp_line (start 0.8 -0.4) (end 0.8 0.4) (layer F.Fab) (width 0.1))
    (fp_line (start -0.8 -0.4) (end 0.8 -0.4) (layer F.Fab) (width 0.1))
    (fp_line (start -0.8 0.4) (end -0.8 -0.4) (layer F.Fab) (width 0.1))
    (pad 2 smd rect (at 0.875 0 270) (size 0.67 1) (layers F.Cu F.Paste F.Mask)
      (net 12 GND))
    (pad 1 smd rect (at -0.875 0 270) (size 0.67 1) (layers F.Cu F.Paste F.Mask)
      (net 3 +3V3))
    (model ${KISYS3DMOD}/Capacitor_SMD.3dshapes/C_0603_1608Metric.wrl
      (at (xyz 0 0 0))
      (scale (xyz 1 1 1))
      (rotate (xyz 0 0 0))
    )
  )

  (module Capacitor_SMD:C_0603_1608Metric (layer F.Cu) (tedit 5AC54E72) (tstamp 5AE2996C)
    (at 217.75 78.8 90)
    (descr "Capacitor SMD 0603 (1608 Metric), square (rectangular) end terminal, IPC_7351 nominal, (Body size source: http://www.tortai-tech.com/upload/download/2011102023233369053.pdf), generated with kicad-footprint-generator")
    (tags capacitor)
    (path /5AF46DB8)
    (attr smd)
    (fp_text reference C7 (at 0 -1.65 90) (layer F.SilkS) hide
      (effects (font (size 1 1) (thickness 0.15)))
    )
    (fp_text value 10nF (at 0 0 90) (layer F.Fab)
      (effects (font (size 0.5 0.5) (thickness 0.08)))
    )
    (fp_line (start -0.8 0.4) (end -0.8 -0.4) (layer F.Fab) (width 0.1))
    (fp_line (start -0.8 -0.4) (end 0.8 -0.4) (layer F.Fab) (width 0.1))
    (fp_line (start 0.8 -0.4) (end 0.8 0.4) (layer F.Fab) (width 0.1))
    (fp_line (start 0.8 0.4) (end -0.8 0.4) (layer F.Fab) (width 0.1))
    (fp_line (start -0.22 -0.51) (end 0.22 -0.51) (layer F.SilkS) (width 0.12))
    (fp_line (start -0.22 0.51) (end 0.22 0.51) (layer F.SilkS) (width 0.12))
    (fp_line (start -1.46 0.75) (end -1.46 -0.75) (layer F.CrtYd) (width 0.05))
    (fp_line (start -1.46 -0.75) (end 1.46 -0.75) (layer F.CrtYd) (width 0.05))
    (fp_line (start 1.46 -0.75) (end 1.46 0.75) (layer F.CrtYd) (width 0.05))
    (fp_line (start 1.46 0.75) (end -1.46 0.75) (layer F.CrtYd) (width 0.05))
    (fp_text user %R (at 0 0 90) (layer F.Fab) hide
      (effects (font (size 0.5 0.5) (thickness 0.08)))
    )
    (pad 1 smd rect (at -0.875 0 90) (size 0.67 1) (layers F.Cu F.Paste F.Mask)
      (net 3 +3V3))
    (pad 2 smd rect (at 0.875 0 90) (size 0.67 1) (layers F.Cu F.Paste F.Mask)
      (net 12 GND))
    (model ${KISYS3DMOD}/Capacitor_SMD.3dshapes/C_0603_1608Metric.wrl
      (at (xyz 0 0 0))
      (scale (xyz 1 1 1))
      (rotate (xyz 0 0 0))
    )
  )

  (module Capacitor_SMD:C_0603_1608Metric (layer F.Cu) (tedit 5AC54E33) (tstamp 5AE2994A)
    (at 211.05 91.05 180)
    (descr "Capacitor SMD 0603 (1608 Metric), square (rectangular) end terminal, IPC_7351 nominal, (Body size source: http://www.tortai-tech.com/upload/download/2011102023233369053.pdf), generated with kicad-footprint-generator")
    (tags capacitor)
    (path /5AD3ADCE)
    (attr smd)
