(kicad_pcb (version 20171130) (host pcbnew "(6.0.0-rc1-dev-1050-geabae68ab)")

  (general
    (thickness 1.6)
    (drawings 43)
    (tracks 371)
    (zones 0)
    (modules 33)
    (nets 59)
  )

  (page A4)
  (layers
    (0 F.Cu signal)
    (31 B.Cu signal)
    (32 B.Adhes user)
    (33 F.Adhes user)
    (34 B.Paste user)
    (35 F.Paste user hide)
    (36 B.SilkS user)
    (37 F.SilkS user)
    (38 B.Mask user)
    (39 F.Mask user hide)
    (40 Dwgs.User user)
    (41 Cmts.User user)
    (42 Eco1.User user)
    (43 Eco2.User user)
    (44 Edge.Cuts user)
    (45 Margin user)
    (46 B.CrtYd user hide)
    (47 F.CrtYd user)
    (48 B.Fab user hide)
    (49 F.Fab user)
  )

  (setup
    (last_trace_width 0.165)
    (trace_clearance 0.165)
    (zone_clearance 0.25)
    (zone_45_only no)
    (trace_min 0)
    (via_size 0.6)
    (via_drill 0.3)
    (via_min_size 0)
    (via_min_drill 0)
    (uvia_size 0.3)
    (uvia_drill 0.1)
    (uvias_allowed no)
    (uvia_min_size 0.2)
    (uvia_min_drill 0.1)
    (edge_width 0.15)
    (segment_width 0.2)
    (pcb_text_width 0.3)
    (pcb_text_size 1.5 1.5)
    (mod_edge_width 0.15)
    (mod_text_size 0.5 0.5)
    (mod_text_width 0.08)
    (pad_size 1.524 1.524)
    (pad_drill 0.762)
    (pad_to_mask_clearance 0.165)
    (solder_mask_min_width 0.25)
    (aux_axis_origin 0 0)
    (visible_elements 7FFFFF3F)
    (pcbplotparams
      (layerselection 0x010fc_ffffffff)
      (usegerberextensions true)
      (usegerberattributes false)
      (usegerberadvancedattributes false)
      (creategerberjobfile false)
      (excludeedgelayer true)
      (linewidth 0.100000)
      (plotframeref false)
      (viasonmask false)
      (mode 1)
      (useauxorigin false)
      (hpglpennumber 1)
      (hpglpenspeed 20)
      (hpglpendiameter 15.000000)
      (psnegative false)
      (psa4output false)
      (plotreference true)
      (plotvalue true)
      (plotinvisibletext false)
      (padsonsilk false)
      (subtractmaskfromsilk false)
      (outputformat 1)
      (mirror false)
      (drillshape 0)
      (scaleselection 1)
      (outputdirectory "gerb/"))
  )

  (net 0 "")
  (net 1 /DUT_UART_RX_LED)
  (net 2 "Net-(D3-Pad1)")
  (net 3 +3V3)
  (net 4 /DUT_UART_TX_LED)
  (net 5 "Net-(D2-Pad1)")
  (net 6 "Net-(D1-Pad1)")
  (net 7 /DUT_SWD_LED)
  (net 8 /USB_D+)
  (net 9 "Net-(R7-Pad2)")
  (net 10 "Net-(R8-Pad2)")
  (net 11 /USB_D-)
  (net 12 GND)
  (net 13 +5V)
  (net 14 /GPIO1_A)
  (net 15 /GPIO0_A)
  (net 16 /STM_SWCLK)
  (net 17 /STM_SWDIO)
  (net 18 /DUT_UART_RX_A)
  (net 19 /DUT_UART_TX_A)
  (net 20 /DUT_SWDIO_A)
  (net 21 /DUT_SWCLK_A)
  (net 22 /GPIO3_A)
  (net 23 /GPIO2_A)
  (net 24 /GPIO0_B)
  (net 25 /GPIO1_B)
  (net 26 /GPIO2_B)
  (net 27 /GPIO3_B)
  (net 28 /DUT_SWDIO_B)
  (net 29 /DUT_SWCLK_B)
  (net 30 /DUT_UART_RX_B)
  (net 31 /DUT_UART_TX_B)
  (net 32 "Net-(J1-Pad4)")
  (net 33 "Net-(R23-Pad1)")
  (net 34 /STM_SDA)
  (net 35 /STM_SCL)
  (net 36 "Net-(U3-Pad43)")
  (net 37 "Net-(U3-Pad42)")
  (net 38 "Net-(U3-Pad41)")
  (net 39 "Net-(U3-Pad40)")
  (net 40 "Net-(U3-Pad39)")
  (net 41 "Net-(U3-Pad38)")
  (net 42 "Net-(U3-Pad29)")
  (net 43 "Net-(U3-Pad28)")
  (net 44 "Net-(U3-Pad27)")
  (net 45 "Net-(U3-Pad26)")
  (net 46 "Net-(U3-Pad25)")
  (net 47 "Net-(U3-Pad11)")
  (net 48 "Net-(U3-Pad10)")
  (net 49 "Net-(D5-Pad1)")
  (net 50 "Net-(D6-Pad2)")
  (net 51 "Net-(U3-Pad46)")
  (net 52 "Net-(U3-Pad45)")
  (net 53 "Net-(U3-Pad20)")
  (net 54 "Net-(U3-Pad2)")
  (net 55 "Net-(U3-Pad22)")
  (net 56 "Net-(U3-Pad21)")
  (net 57 /DUT_VDD_CTRL)
  (net 58 "Net-(J5-Pad1)")

  (net_class Default "This is the default net class."
    (clearance 0.165)
    (trace_width 0.165)
    (via_dia 0.6)
    (via_drill 0.3)
    (uvia_dia 0.3)
    (uvia_drill 0.1)
    (add_net /DUT_SWCLK_A)
    (add_net /DUT_SWCLK_B)
    (add_net /DUT_SWDIO_A)
    (add_net /DUT_SWDIO_B)
    (add_net /DUT_SWD_LED)
    (add_net /DUT_UART_RX_A)
    (add_net /DUT_UART_RX_B)
    (add_net /DUT_UART_RX_LED)
    (add_net /DUT_UART_TX_A)
    (add_net /DUT_UART_TX_B)
    (add_net /DUT_UART_TX_LED)
    (add_net /DUT_VDD_CTRL)
    (add_net /GPIO0_A)
    (add_net /GPIO0_B)
    (add_net /GPIO1_A)
    (add_net /GPIO1_B)
    (add_net /GPIO2_A)
    (add_net /GPIO2_B)
    (add_net /GPIO3_A)
    (add_net /GPIO3_B)
    (add_net /STM_SCL)
    (add_net /STM_SDA)
    (add_net /STM_SWCLK)
    (add_net /STM_SWDIO)
    (add_net /USB_D+)
    (add_net /USB_D-)
    (add_net GND)
    (add_net "Net-(D1-Pad1)")
    (add_net "Net-(D2-Pad1)")
    (add_net "Net-(D3-Pad1)")
    (add_net "Net-(D5-Pad1)")
    (add_net "Net-(D6-Pad2)")
    (add_net "Net-(J1-Pad4)")
    (add_net "Net-(J5-Pad1)")
    (add_net "Net-(R23-Pad1)")
    (add_net "Net-(R7-Pad2)")
    (add_net "Net-(R8-Pad2)")
    (add_net "Net-(U3-Pad10)")
    (add_net "Net-(U3-Pad11)")
    (add_net "Net-(U3-Pad2)")
    (add_net "Net-(U3-Pad20)")
    (add_net "Net-(U3-Pad21)")
    (add_net "Net-(U3-Pad22)")
    (add_net "Net-(U3-Pad25)")
    (add_net "Net-(U3-Pad26)")
    (add_net "Net-(U3-Pad27)")
    (add_net "Net-(U3-Pad28)")
    (add_net "Net-(U3-Pad29)")
    (add_net "Net-(U3-Pad38)")
    (add_net "Net-(U3-Pad39)")
    (add_net "Net-(U3-Pad40)")
    (add_net "Net-(U3-Pad41)")
    (add_net "Net-(U3-Pad42)")
    (add_net "Net-(U3-Pad43)")
    (add_net "Net-(U3-Pad45)")
    (add_net "Net-(U3-Pad46)")
  )

  (net_class Power ""
    (clearance 0.2)
    (trace_width 0.2)
    (via_dia 0.6)
    (via_drill 0.3)
    (uvia_dia 0.3)
    (uvia_drill 0.1)
    (add_net +3V3)
    (add_net +5V)
  )

  (module Package_TO_SOT_SMD:SOT-23 (layer F.Cu) (tedit 5A02FF57) (tstamp 5BD98208)
    (at 211.1 66.15 180)
    (descr "SOT-23, Standard")
    (tags SOT-23)
    (path /5C2EE224)
    (attr smd)
    (fp_text reference Q1 (at 0 -2.5 180) (layer F.SilkS) hide
      (effects (font (size 1 1) (thickness 0.15)))
    )
    (fp_text value FDN340P (at 0 2.5 180) (layer F.Fab) hide
      (effects (font (size 1 1) (thickness 0.15)))
    )
    (fp_line (start 0.76 1.58) (end -0.7 1.58) (layer F.SilkS) (width 0.12))
    (fp_line (start 0.76 -1.58) (end -1.4 -1.58) (layer F.SilkS) (width 0.12))
    (fp_line (start -1.7 1.75) (end -1.7 -1.75) (layer F.CrtYd) (width 0.05))
    (fp_line (start 1.7 1.75) (end -1.7 1.75) (layer F.CrtYd) (width 0.05))
    (fp_line (start 1.7 -1.75) (end 1.7 1.75) (layer F.CrtYd) (width 0.05))
    (fp_line (start -1.7 -1.75) (end 1.7 -1.75) (layer F.CrtYd) (width 0.05))
    (fp_line (start 0.76 -1.58) (end 0.76 -0.65) (layer F.SilkS) (width 0.12))
    (fp_line (start 0.76 1.58) (end 0.76 0.65) (layer F.SilkS) (width 0.12))
    (fp_line (start -0.7 1.52) (end 0.7 1.52) (layer F.Fab) (width 0.1))
    (fp_line (start 0.7 -1.52) (end 0.7 1.52) (layer F.Fab) (width 0.1))
    (fp_line (start -0.7 -0.95) (end -0.15 -1.52) (layer F.Fab) (width 0.1))
    (fp_line (start -0.15 -1.52) (end 0.7 -1.52) (layer F.Fab) (width 0.1))
    (fp_line (start -0.7 -0.95) (end -0.7 1.5) (layer F.Fab) (width 0.1))
    (fp_text user %R (at 0 0 270) (layer F.Fab)
      (effects (font (size 0.5 0.5) (thickness 0.075)))
    )
    (pad 3 smd rect (at 1 0 180) (size 0.9 0.8) (layers F.Cu F.Paste F.Mask)
      (net 3 +3V3))
    (pad 2 smd rect (at -1 0.95 180) (size 0.9 0.8) (layers F.Cu F.Paste F.Mask)
      (net 58 "Net-(J5-Pad1)"))
    (pad 1 smd rect (at -1 -0.95 180) (size 0.9 0.8) (layers F.Cu F.Paste F.Mask)
      (net 57 /DUT_VDD_CTRL))
    (model ${KISYS3DMOD}/Package_TO_SOT_SMD.3dshapes/SOT-23.wrl
      (at (xyz 0 0 0))
      (scale (xyz 1 1 1))
      (rotate (xyz 0 0 0))
    )
  )

  (module Connector_JST:JST_SH_BM04B-SRSS-TB_1x04-1MP_P1.00mm_Vertical (layer F.Cu) (tedit 5B78AD87) (tstamp 5BD8E819)
    (at 228.6 87.5 270)
    (descr "JST SH series connector, BM04B-SRSS-TB (http://www.jst-mfg.com/product/pdf/eng/eSH.pdf), generated with kicad-footprint-generator")
    (tags "connector JST SH side entry")
    (path /5AC03336)
    (attr smd)
    (fp_text reference J2 (at 0 -3.3 270) (layer F.SilkS) hide
      (effects (font (size 1 1) (thickness 0.15)))
    )
    (fp_text value Conn_STM_SWD (at 0 3.3 270) (layer F.Fab) hide
      (effects (font (size 1 1) (thickness 0.15)))
    )
    (fp_text user %R (at 0 -0.25 270) (layer F.Fab)
      (effects (font (size 1 1) (thickness 0.15)))
    )
    (fp_line (start -1.5 0.292893) (end -1 1) (layer F.Fab) (width 0.1))
    (fp_line (start -2 1) (end -1.5 0.292893) (layer F.Fab) (width 0.1))
    (fp_line (start 3.9 -2.6) (end -3.9 -2.6) (layer F.CrtYd) (width 0.05))
    (fp_line (start 3.9 2.6) (end 3.9 -2.6) (layer F.CrtYd) (width 0.05))
    (fp_line (start -3.9 2.6) (end 3.9 2.6) (layer F.CrtYd) (width 0.05))
    (fp_line (start -3.9 -2.6) (end -3.9 2.6) (layer F.CrtYd) (width 0.05))
    (fp_line (start 1.65 -1.55) (end 1.35 -1.55) (layer F.Fab) (width 0.1))
    (fp_line (start 1.65 -0.95) (end 1.65 -1.55) (layer F.Fab) (width 0.1))
    (fp_line (start 1.35 -0.95) (end 1.65 -0.95) (layer F.Fab) (width 0.1))
    (fp_line (start 1.35 -1.55) (end 1.35 -0.95) (layer F.Fab) (width 0.1))
    (fp_line (start 0.65 -1.55) (end 0.35 -1.55) (layer F.Fab) (width 0.1))
    (fp_line (start 0.65 -0.95) (end 0.65 -1.55) (layer F.Fab) (width 0.1))
    (fp_line (start 0.35 -0.95) (end 0.65 -0.95) (layer F.Fab) (width 0.1))
    (fp_line (start 0.35 -1.55) (end 0.35 -0.95) (layer F.Fab) (width 0.1))
    (fp_line (start -0.35 -1.55) (end -0.65 -1.55) (layer F.Fab) (width 0.1))
    (fp_line (start -0.35 -0.95) (end -0.35 -1.55) (layer F.Fab) (width 0.1))
    (fp_line (start -0.65 -0.95) (end -0.35 -0.95) (layer F.Fab) (width 0.1))
    (fp_line (start -0.65 -1.55) (end -0.65 -0.95) (layer F.Fab) (width 0.1))
    (fp_line (start -1.35 -1.55) (end -1.65 -1.55) (layer F.Fab) (width 0.1))
    (fp_line (start -1.35 -0.95) (end -1.35 -1.55) (layer F.Fab) (width 0.1))
    (fp_line (start -1.65 -0.95) (end -1.35 -0.95) (layer F.Fab) (width 0.1))
    (fp_line (start -1.65 -1.55) (end -1.65 -0.95) (layer F.Fab) (width 0.1))
    (fp_line (start 3 1) (end 3 -1.9) (layer F.Fab) (width 0.1))
    (fp_line (start -3 1) (end -3 -1.9) (layer F.Fab) (width 0.1))
    (fp_line (start -3 -1.9) (end 3 -1.9) (layer F.Fab) (width 0.1))
    (fp_line (start -1.94 -2.01) (end 1.94 -2.01) (layer F.SilkS) (width 0.12))
    (fp_line (start 3.11 1.11) (end 2.06 1.11) (layer F.SilkS) (width 0.12))
    (fp_line (start 3.11 -0.04) (end 3.11 1.11) (layer F.SilkS) (width 0.12))
    (fp_line (start -2.06 1.11) (end -2.06 2.1) (layer F.SilkS) (width 0.12))
    (fp_line (start -3.11 1.11) (end -2.06 1.11) (layer F.SilkS) (width 0.12))
    (fp_line (start -3.11 -0.04) (end -3.11 1.11) (layer F.SilkS) (width 0.12))
    (fp_line (start -3 1) (end 3 1) (layer F.Fab) (width 0.1))
    (pad MP smd roundrect (at 2.8 -1.2 270) (size 1.2 1.8) (layers F.Cu F.Paste F.Mask) (roundrect_rratio 0.208333))
    (pad MP smd roundrect (at -2.8 -1.2 270) (size 1.2 1.8) (layers F.Cu F.Paste F.Mask) (roundrect_rratio 0.208333))
    (pad 4 smd roundrect (at 1.5 1.325 270) (size 0.6 1.55) (layers F.Cu F.Paste F.Mask) (roundrect_rratio 0.25)
      (net 17 /STM_SWDIO))
    (pad 3 smd roundrect (at 0.5 1.325 270) (size 0.6 1.55) (layers F.Cu F.Paste F.Mask) (roundrect_rratio 0.25)
      (net 12 GND))
    (pad 2 smd roundrect (at -0.5 1.325 270) (size 0.6 1.55) (layers F.Cu F.Paste F.Mask) (roundrect_rratio 0.25)
      (net 16 /STM_SWCLK))
    (pad 1 smd roundrect (at -1.5 1.325 270) (size 0.6 1.55) (layers F.Cu F.Paste F.Mask) (roundrect_rratio 0.25)
      (net 3 +3V3))
    (model ${KISYS3DMOD}/Connector_JST.3dshapes/JST_SH_BM04B-SRSS-TB_1x04-1MP_P1.00mm_Vertical.wrl
      (at (xyz 0 0 0))
      (scale (xyz 1 1 1))
      (rotate (xyz 0 0 0))
    )
  )

  (module Connector_PinHeader_2.54mm:PinHeader_1x04_P2.54mm_Vertical (layer F.Cu) (tedit 59FED5CC) (tstamp 5BD8E752)
    (at 229.4 74.25 180)
    (descr "Through hole straight pin header, 1x04, 2.54mm pitch, single row")
    (tags "Through hole pin header THT 1x04 2.54mm single row")
    (path /5BF14A32)
    (fp_text reference J3 (at 0 -2.33 180) (layer F.SilkS) hide
      (effects (font (size 1 1) (thickness 0.15)))
    )
    (fp_text value Conn_GPIO (at 0 9.95 180) (layer F.Fab) hide
      (effects (font (size 1 1) (thickness 0.15)))
    )
    (fp_text user %R (at 0 3.81 270) (layer F.Fab)
      (effects (font (size 1 1) (thickness 0.15)))
    )
    (fp_line (start 1.8 -1.8) (end -1.8 -1.8) (layer F.CrtYd) (width 0.05))
    (fp_line (start 1.8 9.4) (end 1.8 -1.8) (layer F.CrtYd) (width 0.05))
    (fp_line (start -1.8 9.4) (end 1.8 9.4) (layer F.CrtYd) (width 0.05))
    (fp_line (start -1.8 -1.8) (end -1.8 9.4) (layer F.CrtYd) (width 0.05))
    (fp_line (start -1.33 -1.33) (end 0 -1.33) (layer F.SilkS) (width 0.12))
    (fp_line (start -1.33 0) (end -1.33 -1.33) (layer F.SilkS) (width 0.12))
    (fp_line (start -1.33 1.27) (end 1.33 1.27) (layer F.SilkS) (width 0.12))
    (fp_line (start 1.33 1.27) (end 1.33 8.95) (layer F.SilkS) (width 0.12))
    (fp_line (start -1.33 1.27) (end -1.33 8.95) (layer F.SilkS) (width 0.12))
    (fp_line (start -1.33 8.95) (end 1.33 8.95) (layer F.SilkS) (width 0.12))
    (fp_line (start -1.27 -0.635) (end -0.635 -1.27) (layer F.Fab) (width 0.1))
    (fp_line (start -1.27 8.89) (end -1.27 -0.635) (layer F.Fab) (width 0.1))
    (fp_line (start 1.27 8.89) (end -1.27 8.89) (layer F.Fab) (width 0.1))
    (fp_line (start 1.27 -1.27) (end 1.27 8.89) (layer F.Fab) (width 0.1))
    (fp_line (start -0.635 -1.27) (end 1.27 -1.27) (layer F.Fab) (width 0.1))
    (pad 4 thru_hole oval (at 0 7.62 180) (size 1.7 1.7) (drill 1) (layers *.Cu *.Mask)
      (net 27 /GPIO3_B))
    (pad 3 thru_hole oval (at 0 5.08 180) (size 1.7 1.7) (drill 1) (layers *.Cu *.Mask)
      (net 26 /GPIO2_B))
    (pad 2 thru_hole oval (at 0 2.54 180) (size 1.7 1.7) (drill 1) (layers *.Cu *.Mask)
      (net 25 /GPIO1_B))
    (pad 1 thru_hole rect (at 0 0 180) (size 1.7 1.7) (drill 1) (layers *.Cu *.Mask)
      (net 24 /GPIO0_B))
  )

  (module Button_Switch_SMD:SW_SPST_B3U-1000P (layer F.Cu) (tedit 5ACA345E) (tstamp 5BD8E795)
    (at 229.45 80.1 270)
    (descr "Ultra-small-sized Tactile Switch with High Contact Reliability, Top-actuated Model, without Ground Terminal, without Boss")
    (tags "Tactile Switch")
    (path /5BEF9165)
    (attr smd)
    (fp_text reference SW1 (at 0 -2.5 270) (layer F.SilkS) hide
      (effects (font (size 1 1) (thickness 0.15)))
    )
    (fp_text value BOOT0 (at 0 0 270) (layer F.Fab)
      (effects (font (size 0.8 0.8) (thickness 0.08)))
    )
    (fp_text user %R (at 0 -2.5 270) (layer F.Fab) hide
      (effects (font (size 1 1) (thickness 0.15)))
    )
    (fp_line (start -2.4 1.65) (end 2.4 1.65) (layer F.CrtYd) (width 0.05))
    (fp_line (start 2.4 1.65) (end 2.4 -1.65) (layer F.CrtYd) (width 0.05))
    (fp_line (start 2.4 -1.65) (end -2.4 -1.65) (layer F.CrtYd) (width 0.05))
    (fp_line (start -2.4 -1.65) (end -2.4 1.65) (layer F.CrtYd) (width 0.05))
    (fp_line (start -1.65 1.1) (end -1.65 1.4) (layer F.SilkS) (width 0.12))
    (fp_line (start -1.65 1.4) (end 1.65 1.4) (layer F.SilkS) (width 0.12))
    (fp_line (start 1.65 1.4) (end 1.65 1.1) (layer F.SilkS) (width 0.12))
    (fp_line (start -1.65 -1.1) (end -1.65 -1.4) (layer F.SilkS) (width 0.12))
    (fp_line (start -1.65 -1.4) (end 1.65 -1.4) (layer F.SilkS) (width 0.12))
    (fp_line (start 1.65 -1.4) (end 1.65 -1.1) (layer F.SilkS) (width 0.12))
    (fp_line (start -1.5 -1.25) (end 1.5 -1.25) (layer F.Fab) (width 0.1))
    (fp_line (start 1.5 -1.25) (end 1.5 1.25) (layer F.Fab) (width 0.1))
    (fp_line (start 1.5 1.25) (end -1.5 1.25) (layer F.Fab) (width 0.1))
    (fp_line (start -1.5 1.25) (end -1.5 -1.25) (layer F.Fab) (width 0.1))
    (fp_circle (center 0 0) (end 0.75 0) (layer F.Fab) (width 0.1))
    (pad 1 smd rect (at -1.7 0 270) (size 0.9 1.7) (layers F.Cu F.Paste F.Mask)
      (net 3 +3V3))
    (pad 2 smd rect (at 1.7 0 270) (size 0.9 1.7) (layers F.Cu F.Paste F.Mask)
      (net 33 "Net-(R23-Pad1)"))
    (model ${KIPRJMOD}/modules/packages3d/Button_Switch_SMD.3dshapes/SW_SPST_B3U-1000P.wrl
      (at (xyz 0 0 0))
      (scale (xyz 0.4 0.4 0.4))
      (rotate (xyz -90 0 0))
    )
  )

  (module Resistor_SMD:R_0603_1608Metric (layer F.Cu) (tedit 5ACA3440) (tstamp 5BD8E7CF)
    (at 222.25 78.8 90)
    (descr "Resistor SMD 0603 (1608 Metric), square (rectangular) end terminal, IPC_7351 nominal, (Body size source: http://www.tortai-tech.com/upload/download/2011102023233369053.pdf), generated with kicad-footprint-generator")
    (tags resistor)
    (path /5BED7253)
    (attr smd)
    (fp_text reference R23 (at 0 -1.65 90) (layer F.SilkS) hide
      (effects (font (size 1 1) (thickness 0.15)))
    )
    (fp_text value 10K (at 0 0 90) (layer F.Fab)
      (effects (font (size 0.5 0.5) (thickness 0.08)))
    )
    (fp_line (start -0.8 0.4) (end -0.8 -0.4) (layer F.Fab) (width 0.1))
    (fp_line (start -0.8 -0.4) (end 0.8 -0.4) (layer F.Fab) (width 0.1))
    (fp_line (start 0.8 -0.4) (end 0.8 0.4) (layer F.Fab) (width 0.1))
    (fp_line (start 0.8 0.4) (end -0.8 0.4) (layer F.Fab) (width 0.1))
    (fp_line (start -0.22 -0.51) (end 0.22 -0.51) (layer F.SilkS) (width 0.12))
    (fp_line (start -0.22 0.51) (end 0.22 0.51) (layer F.SilkS) (width 0.12))
    (fp_line (start -1.46 0.75) (end -1.46 -0.75) (layer F.CrtYd) (width 0.05))
    (fp_line (start -1.46 -0.75) (end 1.46 -0.75) (layer F.CrtYd) (width 0.05))
    (fp_line (start 1.46 -0.75) (end 1.46 0.75) (layer F.CrtYd) (width 0.05))
    (fp_line (start 1.46 0.75) (end -1.46 0.75) (layer F.CrtYd) (width 0.05))
    (fp_text user %R (at 0 0 90) (layer F.Fab) hide
      (effects (font (size 0.5 0.5) (thickness 0.08)))
    )
    (pad 1 smd rect (at -0.875 0 90) (size 0.67 1) (layers F.Cu F.Paste F.Mask)
      (net 33 "Net-(R23-Pad1)"))
    (pad 2 smd rect (at 0.875 0 90) (size 0.67 1) (layers F.Cu F.Paste F.Mask)
      (net 12 GND))
    (model ${KISYS3DMOD}/Resistor_SMD.3dshapes/R_0603_1608Metric.wrl
      (at (xyz 0 0 0))
      (scale (xyz 1 1 1))
      (rotate (xyz 0 0 0))
    )
  )

  (module Capacitor_SMD:C_0603_1608Metric (layer F.Cu) (tedit 5AC54EAD) (tstamp 5AE299C1)
    (at 211.05 84 180)
    (descr "Capacitor SMD 0603 (1608 Metric), square (rectangular) end terminal, IPC_7351 nominal, (Body size source: http://www.tortai-tech.com/upload/download/2011102023233369053.pdf), generated with kicad-footprint-generator")
    (tags capacitor)
    (path /5AED3878)
    (attr smd)
    (fp_text reference C1 (at 0 -1.65 180) (layer F.SilkS) hide
      (effects (font (size 1 1) (thickness 0.15)))
    )
    (fp_text value 0.1uF (at 0 0 180) (layer F.Fab)
      (effects (font (size 0.5 0.5) (thickness 0.08)))
    )
    (fp_text user %R (at 0 0 180) (layer F.Fab) hide
      (effects (font (size 0.5 0.5) (thickness 0.08)))
    )
    (fp_line (start 1.46 0.75) (end -1.46 0.75) (layer F.CrtYd) (width 0.05))
    (fp_line (start 1.46 -0.75) (end 1.46 0.75) (layer F.CrtYd) (width 0.05))
    (fp_line (start -1.46 -0.75) (end 1.46 -0.75) (layer F.CrtYd) (width 0.05))
    (fp_line (start -1.46 0.75) (end -1.46 -0.75) (layer F.CrtYd) (width 0.05))
    (fp_line (start -0.22 0.51) (end 0.22 0.51) (layer F.SilkS) (width 0.12))
    (fp_line (start -0.22 -0.51) (end 0.22 -0.51) (layer F.SilkS) (width 0.12))
    (fp_line (start 0.8 0.4) (end -0.8 0.4) (layer F.Fab) (width 0.1))
    (fp_line (start 0.8 -0.4) (end 0.8 0.4) (layer F.Fab) (width 0.1))
    (fp_line (start -0.8 -0.4) (end 0.8 -0.4) (layer F.Fab) (width 0.1))
    (fp_line (start -0.8 0.4) (end -0.8 -0.4) (layer F.Fab) (width 0.1))
    (pad 2 smd rect (at 0.875 0 180) (size 0.67 1) (layers F.Cu F.Paste F.Mask)
      (net 12 GND))
    (pad 1 smd rect (at -0.875 0 180) (size 0.67 1) (layers F.Cu F.Paste F.Mask)
      (net 3 +3V3))
    (model ${KISYS3DMOD}/Capacitor_SMD.3dshapes/C_0603_1608Metric.wrl
      (at (xyz 0 0 0))
      (scale (xyz 1 1 1))
      (rotate (xyz 0 0 0))
    )
  )

  (module Capacitor_SMD:C_0603_1608Metric (layer F.Cu) (tedit 5AC54E4F) (tstamp 5AE299B0)
    (at 217.9 68.2 90)
    (descr "Capacitor SMD 0603 (1608 Metric), square (rectangular) end terminal, IPC_7351 nominal, (Body size source: http://www.tortai-tech.com/upload/download/2011102023233369053.pdf), generated with kicad-footprint-generator")
    (tags capacitor)
    (path /5ABD61FE)
    (attr smd)
    (fp_text reference C3 (at 0 -1.65 90) (layer F.SilkS) hide
      (effects (font (size 1 1) (thickness 0.15)))
    )
    (fp_text value 0.1uF (at 0 0 90) (layer F.Fab)
      (effects (font (size 0.5 0.5) (thickness 0.08)))
    )
    (fp_line (start -0.8 0.4) (end -0.8 -0.4) (layer F.Fab) (width 0.1))
    (fp_line (start -0.8 -0.4) (end 0.8 -0.4) (layer F.Fab) (width 0.1))
    (fp_line (start 0.8 -0.4) (end 0.8 0.4) (layer F.Fab) (width 0.1))
    (fp_line (start 0.8 0.4) (end -0.8 0.4) (layer F.Fab) (width 0.1))
    (fp_line (start -0.22 -0.51) (end 0.22 -0.51) (layer F.SilkS) (width 0.12))
    (fp_line (start -0.22 0.51) (end 0.22 0.51) (layer F.SilkS) (width 0.12))
    (fp_line (start -1.46 0.75) (end -1.46 -0.75) (layer F.CrtYd) (width 0.05))
    (fp_line (start -1.46 -0.75) (end 1.46 -0.75) (layer F.CrtYd) (width 0.05))
    (fp_line (start 1.46 -0.75) (end 1.46 0.75) (layer F.CrtYd) (width 0.05))
    (fp_line (start 1.46 0.75) (end -1.46 0.75) (layer F.CrtYd) (width 0.05))
    (fp_text user %R (at 0 0 90) (layer F.Fab) hide
      (effects (font (size 0.5 0.5) (thickness 0.08)))
    )
    (pad 1 smd rect (at -0.875 0 90) (size 0.67 1) (layers F.Cu F.Paste F.Mask)
      (net 3 +3V3))
    (pad 2 smd rect (at 0.875 0 90) (size 0.67 1) (layers F.Cu F.Paste F.Mask)
      (net 12 GND))
    (model ${KISYS3DMOD}/Capacitor_SMD.3dshapes/C_0603_1608Metric.wrl
      (at (xyz 0 0 0))
      (scale (xyz 1 1 1))
      (rotate (xyz 0 0 0))
    )
  )

  (module Capacitor_SMD:C_0603_1608Metric (layer F.Cu) (tedit 5AC54E75) (tstamp 5AE2999F)
    (at 219.25 78.8 90)
    (descr "Capacitor SMD 0603 (1608 Metric), square (rectangular) end terminal, IPC_7351 nominal, (Body size source: http://www.tortai-tech.com/upload/download/2011102023233369053.pdf), generated with kicad-footprint-generator")
    (tags capacitor)
    (path /5AF18976)
    (attr smd)
    (fp_text reference C4 (at 0 -1.65 90) (layer F.SilkS) hide
      (effects (font (size 1 1) (thickness 0.15)))
    )
    (fp_text value 0.1uF (at 0 0 90) (layer F.Fab)
      (effects (font (size 0.5 0.5) (thickness 0.08)))
    )
    (fp_text user %R (at 0 0 90) (layer F.Fab) hide
      (effects (font (size 0.5 0.5) (thickness 0.08)))
    )
    (fp_line (start 1.46 0.75) (end -1.46 0.75) (layer F.CrtYd) (width 0.05))
    (fp_line (start 1.46 -0.75) (end 1.46 0.75) (layer F.CrtYd) (width 0.05))
    (fp_line (start -1.46 -0.75) (end 1.46 -0.75) (layer F.CrtYd) (width 0.05))
    (fp_line (start -1.46 0.75) (end -1.46 -0.75) (layer F.CrtYd) (width 0.05))
    (fp_line (start -0.22 0.51) (end 0.22 0.51) (layer F.SilkS) (width 0.12))
    (fp_line (start -0.22 -0.51) (end 0.22 -0.51) (layer F.SilkS) (width 0.12))
    (fp_line (start 0.8 0.4) (end -0.8 0.4) (layer F.Fab) (width 0.1))
    (fp_line (start 0.8 -0.4) (end 0.8 0.4) (layer F.Fab) (width 0.1))
    (fp_line (start -0.8 -0.4) (end 0.8 -0.4) (layer F.Fab) (width 0.1))
    (fp_line (start -0.8 0.4) (end -0.8 -0.4) (layer F.Fab) (width 0.1))
    (pad 2 smd rect (at 0.875 0 90) (size 0.67 1) (layers F.Cu F.Paste F.Mask)
      (net 12 GND))
    (pad 1 smd rect (at -0.875 0 90) (size 0.67 1) (layers F.Cu F.Paste F.Mask)
      (net 3 +3V3))
    (model ${KISYS3DMOD}/Capacitor_SMD.3dshapes/C_0603_1608Metric.wrl
      (at (xyz 0 0 0))
      (scale (xyz 1 1 1))
      (rotate (xyz 0 0 0))
    )
  )

  (module Capacitor_SMD:C_0603_1608Metric (layer F.Cu) (tedit 5AC54EB8) (tstamp 5AE2998E)
    (at 226.05 97 270)
    (descr "Capacitor SMD 0603 (1608 Metric), square (rectangular) end terminal, IPC_7351 nominal, (Body size source: http://www.tortai-tech.com/upload/download/2011102023233369053.pdf), generated with kicad-footprint-generator")
    (tags capacitor)
    (path /5AF189EA)
    (attr smd)
    (fp_text reference C5 (at 0 -1.65 270) (layer F.SilkS) hide
      (effects (font (size 1 1) (thickness 0.15)))
    )
    (fp_text value 0.1uF (at 0 0 270) (layer F.Fab)
      (effects (font (size 0.5 0.5) (thickness 0.08)))
    )
    (fp_line (start -0.8 0.4) (end -0.8 -0.4) (layer F.Fab) (width 0.1))
    (fp_line (start -0.8 -0.4) (end 0.8 -0.4) (layer F.Fab) (width 0.1))
    (fp_line (start 0.8 -0.4) (end 0.8 0.4) (layer F.Fab) (width 0.1))
    (fp_line (start 0.8 0.4) (end -0.8 0.4) (layer F.Fab) (width 0.1))
    (fp_line (start -0.22 -0.51) (end 0.22 -0.51) (layer F.SilkS) (width 0.12))
    (fp_line (start -0.22 0.51) (end 0.22 0.51) (layer F.SilkS) (width 0.12))
    (fp_line (start -1.46 0.75) (end -1.46 -0.75) (layer F.CrtYd) (width 0.05))
    (fp_line (start -1.46 -0.75) (end 1.46 -0.75) (layer F.CrtYd) (width 0.05))
    (fp_line (start 1.46 -0.75) (end 1.46 0.75) (layer F.CrtYd) (width 0.05))
    (fp_line (start 1.46 0.75) (end -1.46 0.75) (layer F.CrtYd) (width 0.05))
    (fp_text user %R (at 0 0 270) (layer F.Fab) hide
      (effects (font (size 0.5 0.5) (thickness 0.08)))
    )
    (pad 1 smd rect (at -0.875 0 270) (size 0.67 1) (layers F.Cu F.Paste F.Mask)
      (net 3 +3V3))
    (pad 2 smd rect (at 0.875 0 270) (size 0.67 1) (layers F.Cu F.Paste F.Mask)
      (net 12 GND))
    (model ${KISYS3DMOD}/Capacitor_SMD.3dshapes/C_0603_1608Metric.wrl
      (at (xyz 0 0 0))
      (scale (xyz 1 1 1))
      (rotate (xyz 0 0 0))
    )
  )

  (module Capacitor_SMD:C_0603_1608Metric (layer F.Cu) (tedit 5AC54E2B) (tstamp 5AE2997D)
    (at 227.55 97 270)
    (descr "Capacitor SMD 0603 (1608 Metric), square (rectangular) end terminal, IPC_7351 nominal, (Body size source: http://www.tortai-tech.com/upload/download/2011102023233369053.pdf), generated with kicad-footprint-generator")
    (tags capacitor)
    (path /5AF2F666)
    (attr smd)
    (fp_text reference C6 (at 0 -1.65 270) (layer F.SilkS) hide
      (effects (font (size 1 1) (thickness 0.15)))
    )
    (fp_text value 4.7uF (at 0 0 270) (layer F.Fab)
      (effects (font (size 0.5 0.5) (thickness 0.08)))
    )
    (fp_text user %R (at 0 0 270) (layer F.Fab) hide
      (effects (font (size 0.5 0.5) (thickness 0.08)))
    )
    (fp_line (start 1.46 0.75) (end -1.46 0.75) (layer F.CrtYd) (width 0.05))
    (fp_line (start 1.46 -0.75) (end 1.46 0.75) (layer F.CrtYd) (width 0.05))
    (fp_line (start -1.46 -0.75) (end 1.46 -0.75) (layer F.CrtYd) (width 0.05))
    (fp_line (start -1.46 0.75) (end -1.46 -0.75) (layer F.CrtYd) (width 0.05))
    (fp_line (start -0.22 0.51) (end 0.22 0.51) (layer F.SilkS) (width 0.12))
    (fp_line (start -0.22 -0.51) (end 0.22 -0.51) (layer F.SilkS) (width 0.12))
    (fp_line (start 0.8 0.4) (end -0.8 0.4) (layer F.Fab) (width 0.1))
    (fp_line (start 0.8 -0.4) (end 0.8 0.4) (layer F.Fab) (width 0.1))
    (fp_line (start -0.8 -0.4) (end 0.8 -0.4) (layer F.Fab) (width 0.1))
    (fp_line (start -0.8 0.4) (end -0.8 -0.4) (layer F.Fab) (width 0.1))
    (pad 2 smd rect (at 0.875 0 270) (size 0.67 1) (layers F.Cu F.Paste F.Mask)
      (net 12 GND))
    (pad 1 smd rect (at -0.875 0 270) (size 0.67 1) (layers F.Cu F.Paste F.Mask)
      (net 3 +3V3))
    (model ${KISYS3DMOD}/Capacitor_SMD.3dshapes/C_0603_1608Metric.wrl
      (at (xyz 0 0 0))
      (scale (xyz 1 1 1))
      (rotate (xyz 0 0 0))
    )
  )

  (module Capacitor_SMD:C_0603_1608Metric (layer F.Cu) (tedit 5AC54E72) (tstamp 5AE2996C)
    (at 217.75 78.8 90)
    (descr "Capacitor SMD 0603 (1608 Metric), square (rectangular) end terminal, IPC_7351 nominal, (Body size source: http://www.tortai-tech.com/upload/download/2011102023233369053.pdf), generated with kicad-footprint-generator")
    (tags capacitor)
    (path /5AF46DB8)
    (attr smd)
    (fp_text reference C7 (at 0 -1.65 90) (layer F.SilkS) hide
      (effects (font (size 1 1) (thickness 0.15)))
    )
    (fp_text value 10nF (at 0 0 90) (layer F.Fab)
      (effects (font (size 0.5 0.5) (thickness 0.08)))
    )
    (fp_line (start -0.8 0.4) (end -0.8 -0.4) (layer F.Fab) (width 0.1))
    (fp_line (start -0.8 -0.4) (end 0.8 -0.4) (layer F.Fab) (width 0.1))
    (fp_line (start 0.8 -0.4) (end 0.8 0.4) (layer F.Fab) (width 0.1))
    (fp_line (start 0.8 0.4) (end -0.8 0.4) (layer F.Fab) (width 0.1))
    (fp_line (start -0.22 -0.51) (end 0.22 -0.51) (layer F.SilkS) (width 0.12))
    (fp_line (start -0.22 0.51) (end 0.22 0.51) (layer F.SilkS) (width 0.12))
    (fp_line (start -1.46 0.75) (end -1.46 -0.75) (layer F.CrtYd) (width 0.05))
    (fp_line (start -1.46 -0.75) (end 1.46 -0.75) (layer F.CrtYd) (width 0.05))
    (fp_line (start 1.46 -0.75) (end 1.46 0.75) (layer F.CrtYd) (width 0.05))
    (fp_line (start 1.46 0.75) (end -1.46 0.75) (layer F.CrtYd) (width 0.05))
    (fp_text user %R (at 0 0 90) (layer F.Fab) hide
      (effects (font (size 0.5 0.5) (thickness 0.08)))
    )
    (pad 1 smd rect (at -0.875 0 90) (size 0.67 1) (layers F.Cu F.Paste F.Mask)
      (net 3 +3V3))
    (pad 2 smd rect (at 0.875 0 90) (size 0.67 1) (layers F.Cu F.Paste F.Mask)
      (net 12 GND))
    (model ${KISYS3DMOD}/Capacitor_SMD.3dshapes/C_0603_1608Metric.wrl
      (at (xyz 0 0 0))
      (scale (xyz 1 1 1))
      (rotate (xyz 0 0 0))
    )
  )

  (module Capacitor_SMD:C_0603_1608Metric (layer F.Cu) (tedit 5AC54E33) (tstamp 5AE2994A)
    (at 211.05 89 180)
    (descr "Capacitor SMD 0603 (1608 Metric), square (rectangular) end terminal, IPC_7351 nominal, (Body size source: http://www.tortai-tech.com/upload/download/2011102023233369053.pdf), generated with kicad-footprint-generator")
    (tags capacitor)
    (path /5AD3ADCE)
    (attr smd)
    (fp_text reference C9 (at 0 -1.65 180) (layer F.SilkS) hide
      (effects (font (size 1 1) (thickness 0.15)))
    )
    (fp_text value 1uF (at 0 0 180) (layer F.Fab)
      (effects (font (size 0.5 0.5) (thickness 0.08)))
    )
    (fp_line (start -0.8 0.4) (end -0.8 -0.4) (layer F.Fab) (width 0.1))
    (fp_line (start -0.8 -0.4) (end 0.8 -0.4) (layer F.Fab) (width 0.1))
    (fp_line (start 0.8 -0.4) (end 0.8 0.4) (layer F.Fab) (width 0.1))
    (fp_line (start 0.8 0.4) (end -0.8 0.4) (layer F.Fab) (width 0.1))
    (fp_line (start -0.22 -0.51) (end 0.22 -0.51) (layer F.SilkS) (width 0.12))
    (fp_line (start -0.22 0.51) (end 0.22 0.51) (layer F.SilkS) (width 0.12))
    (fp_line (start -1.46 0.75) (end -1.46 -0.75) (layer F.CrtYd) (width 0.05))
    (fp_line (start -1.46 -0.75) (end 1.46 -0.75) (layer F.CrtYd) (width 0.05))
    (fp_line (start 1.46 -0.75) (end 1.46 0.75) (layer F.CrtYd) (width 0.05))
    (fp_line (start 1.46 0.75) (end -1.46 0.75) (layer F.CrtYd) (width 0.05))
    (fp_text user %R (at 0 0 180) (layer F.Fab) hide
      (effects (font (size 0.5 0.5) (thickness 0.08)))
    )
    (pad 1 smd rect (at -0.875 0 180) (size 0.67 1) (layers F.Cu F.Paste F.Mask)
      (net 12 GND))
    (pad 2 smd rect (at 0.875 0 180) (size 0.67 1) (layers F.Cu F.Paste F.Mask)
      (net 13 +5V))
    (model ${KISYS3DMOD}/Capacitor_SMD.3dshapes/C_0603_1608Metric.wrl
      (at (xyz 0 0 0))
      (scale (xyz 1 1 1))
      (rotate (xyz 0 0 0))
    )
  )

  (module Capacitor_SMD:C_0603_1608Metric (layer F.Cu) (tedit 5AC54E40) (tstamp 5AE29939)
    (at 220.75 78.8 90)
    (descr "Capacitor SMD 0603 (1608 Metric), square (rectangular) end terminal, IPC_7351 nominal, (Body size source: http://www.tortai-tech.com/upload/download/2011102023233369053.pdf), generated with kicad-footprint-generator")
    (tags capacitor)
    (path /5AF18904)
    (attr smd)
    (fp_text reference C2 (at 0 -1.65 90) (layer F.SilkS) hide
      (effects (font (size 1 1) (thickness 0.15)))
    )
    (fp_text value 0.1uF (at 0 0 90) (layer F.Fab)
      (effects (font (size 0.5 0.5) (thickness 0.08)))
    )
    (fp_text user %R (at 0 0 90) (layer F.Fab) hide
      (effects (font (size 0.5 0.5) (thickness 0.08)))
    )
    (fp_line (start 1.46 0.75) (end -1.46 0.75) (layer F.CrtYd) (width 0.05))
    (fp_line (start 1.46 -0.75) (end 1.46 0.75) (layer F.CrtYd) (width 0.05))
    (fp_line (start -1.46 -0.75) (end 1.46 -0.75) (layer F.CrtYd) (width 0.05))
    (fp_line (start -1.46 0.75) (end -1.46 -0.75) (layer F.CrtYd) (width 0.05))
    (fp_line (start -0.22 0.51) (end 0.22 0.51) (layer F.SilkS) (width 0.12))
    (fp_line (start -0.22 -0.51) (end 0.22 -0.51) (layer F.SilkS) (width 0.12))
    (fp_line (start 0.8 0.4) (end -0.8 0.4) (layer F.Fab) (width 0.1))
    (fp_line (start 0.8 -0.4) (end 0.8 0.4) (layer F.Fab) (width 0.1))
    (fp_line (start -0.8 -0.4) (end 0.8 -0.4) (layer F.Fab) (width 0.1))
    (fp_line (start -0.8 0.4) (end -0.8 -0.4) (layer F.Fab) (width 0.1))
    (pad 2 smd rect (at 0.875 0 90) (size 0.67 1) (layers F.Cu F.Paste F.Mask)
      (net 12 GND))
    (pad 1 smd rect (at -0.875 0 90) (size 0.67 1) (layers F.Cu F.Paste F.Mask)
      (net 3 +3V3))
    (model ${KISYS3DMOD}/Capacitor_SMD.3dshapes/C_0603_1608Metric.wrl
      (at (xyz 0 0 0))
      (scale (xyz 1 1 1))
      (rotate (xyz 0 0 0))
    )
  )

  (module Capacitor_SMD:C_0603_1608Metric (layer F.Cu) (tedit 5AC54E2E) (tstamp 5AE29928)
    (at 229.05 97 270)
    (descr "Capacitor SMD 0603 (1608 Metric), square (rectangular) end terminal, IPC_7351 nominal, (Body size source: http://www.tortai-tech.com/upload/download/2011102023233369053.pdf), generated with kicad-footprint-generator")
    (tags capacitor)
    (path /5AD3AE51)
    (attr smd)
    (fp_text reference C10 (at 0 -1.65 270) (layer F.SilkS) hide
      (effects (font (size 1 1) (thickness 0.15)))
    )
    (fp_text value 1uF (at 0 0 270) (layer F.Fab)
      (effects (font (size 0.5 0.5) (thickness 0.08)))
    )
    (fp_line (start -0.8 0.4) (end -0.8 -0.4) (layer F.Fab) (width 0.1))
    (fp_line (start -0.8 -0.4) (end 0.8 -0.4) (layer F.Fab) (width 0.1))
    (fp_line (start 0.8 -0.4) (end 0.8 0.4) (layer F.Fab) (width 0.1))
    (fp_line (start 0.8 0.4) (end -0.8 0.4) (layer F.Fab) (width 0.1))
    (fp_line (start -0.22 -0.51) (end 0.22 -0.51) (layer F.SilkS) (width 0.12))
    (fp_line (start -0.22 0.51) (end 0.22 0.51) (layer F.SilkS) (width 0.12))
    (fp_line (start -1.46 0.75) (end -1.46 -0.75) (layer F.CrtYd) (width 0.05))
    (fp_line (start -1.46 -0.75) (end 1.46 -0.75) (layer F.CrtYd) (width 0.05))
    (fp_line (start 1.46 -0.75) (end 1.46 0.75) (layer F.CrtYd) (width 0.05))
    (fp_line (start 1.46 0.75) (end -1.46 0.75) (layer F.CrtYd) (width 0.05))
    (fp_text user %R (at 0 0 270) (layer F.Fab) hide
      (effects (font (size 0.5 0.5) (thickness 0.08)))
    )
    (pad 1 smd rect (at -0.875 0 270) (size 0.67 1) (layers F.Cu F.Paste F.Mask)
      (net 3 +3V3))
    (pad 2 smd rect (at 0.875 0 270) (size 0.67 1) (layers F.Cu F.Paste F.Mask)
      (net 12 GND))
    (model ${KISYS3DMOD}/Capacitor_SMD.3dshapes/C_0603_1608Metric.wrl
      (at (xyz 0 0 0))
      (scale (xyz 1 1 1))
      (rotate (xyz 0 0 0))
    )
  )

  (module Connector_PinHeader_2.54mm:PinHeader_1x06_P2.54mm_Vertical (layer F.Cu) (tedit 5AC54E59) (tstamp 5BD8EE20)
    (at 213.6 61.85 90)
    (descr "Through hole straight pin header, 1x06, 2.54mm pitch, single row")
    (tags "Through hole pin header THT 1x06 2.54mm single row")
    (path /5ABEA87F)
    (fp_text reference J5 (at 0 -2.33 90) (layer F.SilkS) hide
      (effects (font (size 1 1) (thickness 0.15)))
    )
    (fp_text value Conn_DUT (at 0 15.03 90) (layer F.Fab) hide
      (effects (font (size 0.5 0.5) (thickness 0.08)))
    )
    (fp_line (start -0.635 -1.27) (end 1.27 -1.27) (layer F.Fab) (width 0.1))
    (fp_line (start 1.27 -1.27) (end 1.27 13.97) (layer F.Fab) (width 0.1))
    (fp_line (start 1.27 13.97) (end -1.27 13.97) (layer F.Fab) (width 0.1))
    (fp_line (start -1.27 13.97) (end -1.27 -0.635) (layer F.Fab) (width 0.1))
    (fp_line (start -1.27 -0.635) (end -0.635 -1.27) (layer F.Fab) (width 0.1))
    (fp_line (start -1.33 14.03) (end 1.33 14.03) (layer F.SilkS) (width 0.12))
    (fp_line (start -1.33 1.27) (end -1.33 14.03) (layer F.SilkS) (width 0.12))
    (fp_line (start 1.33 1.27) (end 1.33 14.03) (layer F.SilkS) (width 0.12))
    (fp_line (start -1.33 1.27) (end 1.33 1.27) (layer F.SilkS) (width 0.12))
    (fp_line (start -1.33 0) (end -1.33 -1.33) (layer F.SilkS) (width 0.12))
    (fp_line (start -1.33 -1.33) (end 0 -1.33) (layer F.SilkS) (width 0.12))
    (fp_line (start -1.8 -1.8) (end -1.8 14.5) (layer F.CrtYd) (width 0.05))
    (fp_line (start -1.8 14.5) (end 1.8 14.5) (layer F.CrtYd) (width 0.05))
    (fp_line (start 1.8 14.5) (end 1.8 -1.8) (layer F.CrtYd) (width 0.05))
    (fp_line (start 1.8 -1.8) (end -1.8 -1.8) (layer F.CrtYd) (width 0.05))
    (fp_text user %R (at 0 6.35 180) (layer F.Fab) hide
      (effects (font (size 1 1) (thickness 0.15)))
    )
    (pad 1 thru_hole rect (at 0 0 90) (size 1.7 1.7) (drill 1) (layers *.Cu *.Mask)
      (net 58 "Net-(J5-Pad1)"))
    (pad 2 thru_hole oval (at 0 2.54 90) (size 1.7 1.7) (drill 1) (layers *.Cu *.Mask)
      (net 29 /DUT_SWCLK_B))
    (pad 3 thru_hole oval (at 0 5.08 90) (size 1.7 1.7) (drill 1) (layers *.Cu *.Mask)
      (net 12 GND))
    (pad 4 thru_hole oval (at 0 7.62 90) (size 1.7 1.7) (drill 1) (layers *.Cu *.Mask)
      (net 28 /DUT_SWDIO_B))
    (pad 5 thru_hole oval (at 0 10.16 90) (size 1.7 1.7) (drill 1) (layers *.Cu *.Mask)
      (net 31 /DUT_UART_TX_B))
    (pad 6 thru_hole oval (at 0 12.7 90) (size 1.7 1.7) (drill 1) (layers *.Cu *.Mask)
      (net 30 /DUT_UART_RX_B))
    (model ${KISYS3DMOD}/Connector_PinHeader_2.54mm.3dshapes/PinHeader_1x06_P2.54mm_Vertical.wrl
      (at (xyz 0 0 0))
      (scale (xyz 1 1 1))
      (rotate (xyz 0 0 0))
    )
  )

  (module Connector_USB:USB_Micro-B_Molex-105017-0001 (layer F.Cu) (tedit 5AC54E3B) (tstamp 5AE29866)
    (at 220 97)
    (descr http://www.molex.com/pdm_docs/sd/1050170001_sd.pdf)
    (tags "Micro-USB SMD Typ-B")
    (path /5AC0B27A)
    (attr smd)
    (fp_text reference J1 (at 0 -3.1125) (layer F.SilkS) hide
      (effects (font (size 1 1) (thickness 0.15)))
    )
    (fp_text value USB_B_Micro (at 0.3 4.3375) (layer F.Fab) hide
      (effects (font (size 0.5 0.5) (thickness 0.08)))
    )
    (fp_text user "PCB Edge" (at 0 2.6875) (layer Dwgs.User)
      (effects (font (size 0.5 0.5) (thickness 0.08)))
    )
    (fp_text user %R (at 0 0.8875) (layer F.Fab) hide
      (effects (font (size 1 1) (thickness 0.15)))
    )
    (fp_line (start -4.4 3.64) (end 4.4 3.64) (layer F.CrtYd) (width 0.05))
    (fp_line (start 4.4 -2.46) (end 4.4 3.64) (layer F.CrtYd) (width 0.05))
    (fp_line (start -4.4 -2.46) (end 4.4 -2.46) (layer F.CrtYd) (width 0.05))
    (fp_line (start -4.4 3.64) (end -4.4 -2.46) (layer F.CrtYd) (width 0.05))
    (fp_line (start -3.9 -1.7625) (end -3.45 -1.7625) (layer F.SilkS) (width 0.12))
    (fp_line (start -3.9 0.0875) (end -3.9 -1.7625) (layer F.SilkS) (width 0.12))
    (fp_line (start 3.9 2.6375) (end 3.9 2.3875) (layer F.SilkS) (width 0.12))
    (fp_line (start 3.75 3.3875) (end 3.75 -1.6125) (layer F.Fab) (width 0.1))
    (fp_line (start -3 2.689204) (end 3 2.689204) (layer F.Fab) (width 0.1))
    (fp_line (start -3.75 3.389204) (end 3.75 3.389204) (layer F.Fab) (width 0.1))
    (fp_line (start -3.75 -1.6125) (end 3.75 -1.6125) (layer F.Fab) (width 0.1))
    (fp_line (start -3.75 3.3875) (end -3.75 -1.6125) (layer F.Fab) (width 0.1))
